,日期,省份,省份代码,城市,城市代码,平均气温
0,20010101,广东省,440000,韶关市,440200,11.2112335058
1,20010102,广东省,440000,韶关市,440200,14.0476681636
2,20010103,广东省,440000,韶关市,440200,12.8050905374
3,20010104,广东省,440000,韶关市,440200,12.8131879904
4,20010105,广东省,440000,韶关市,440200,13.5083643595
5,20010106,广东省,440000,韶关市,440200,15.3282216879
6,20010107,广东省,440000,韶关市,440200,15.8630768458
7,20010108,广东省,440000,韶关市,440200,16.4928919963
8,20010109,广东省,440000,韶关市,440200,7.89401278129
9,20010110,广东省,440000,韶关市,440200,7.80652574392
10,20010111,广东省,440000,韶关市,440200,10.9083582805
11,20010112,广东省,440000,韶关市,440200,10.9232613246
12,20010113,广东省,440000,韶关市,440200,10.3618218349
13,20010114,广东省,440000,韶关市,440200,10.040832165
14,20010115,广东省,440000,韶关市,440200,8.85063914764
15,20010116,广东省,440000,韶关市,440200,11.336219054
16,20010117,广东省,440000,韶关市,440200,13.3476984073
17,20010118,广东省,440000,韶关市,440200,15.4493792118
18,20010119,广东省,440000,韶关市,440200,17.4509540216
19,20010120,广东省,440000,韶关市,440200,16.1505823869
20,20010121,广东省,440000,韶关市,440200,18.0355666723
21,20010122,广东省,440000,韶关市,440200,17.4907407272
22,20010123,广东省,440000,韶关市,440200,16.5617845975
23,20010124,广东省,440000,韶关市,440200,13.3394049498
24,20010125,广东省,440000,韶关市,440200,7.43292096945
25,20010126,广东省,440000,韶关市,440200,6.48784809235
26,20010127,广东省,440000,韶关市,440200,5.85014509543
27,20010128,广东省,440000,韶关市,440200,7.97771117626
28,20010129,广东省,440000,韶关市,440200,10.2250737899
29,20010130,广东省,440000,韶关市,440200,11.4242855952
30,20010131,广东省,440000,韶关市,440200,12.1570937328
31,20010201,广东省,440000,韶关市,440200,7.87784917538
32,20010202,广东省,440000,韶关市,440200,6.26394656988
33,20010203,广东省,440000,韶关市,440200,7.83130834041
34,20010204,广东省,440000,韶关市,440200,9.45911254638
35,20010205,广东省,440000,韶关市,440200,11.4999505067
36,20010206,广东省,440000,韶关市,440200,13.769560227
37,20010207,广东省,440000,韶关市,440200,9.34464836121
38,20010208,广东省,440000,韶关市,440200,8.96413365389
39,20010209,广东省,440000,韶关市,440200,8.39923478396
40,20010210,广东省,440000,韶关市,440200,10.2585965426
41,20010211,广东省,440000,韶关市,440200,14.6945191652
42,20010212,广东省,440000,韶关市,440200,14.9927739363
43,20010213,广东省,440000,韶关市,440200,7.91517443535
44,20010214,广东省,440000,韶关市,440200,8.41059860816
45,20010215,广东省,440000,韶关市,440200,11.1158584693
46,20010216,广东省,440000,韶关市,440200,13.0473954861
47,20010217,广东省,440000,韶关市,440200,15.185305791
48,20010218,广东省,440000,韶关市,440200,17.7619529626
49,20010219,广东省,440000,韶关市,440200,19.2360169337
50,20010220,广东省,440000,韶关市,440200,20.078534004
51,20010221,广东省,440000,韶关市,440200,19.4650139442
52,20010222,广东省,440000,韶关市,440200,21.6311637194
53,20010223,广东省,440000,韶关市,440200,22.5315435361
54,20010224,广东省,440000,韶关市,440200,13.0052352318
55,20010225,广东省,440000,韶关市,440200,7.68449470324
56,20010226,广东省,440000,韶关市,440200,9.16985926261
57,20010227,广东省,440000,韶关市,440200,11.3576716888
58,20010228,广东省,440000,韶关市,440200,10.6659088991
59,20010301,广东省,440000,韶关市,440200,12.8737323223
60,20010302,广东省,440000,韶关市,440200,17.0729344197
61,20010303,广东省,440000,韶关市,440200,14.8882102477
62,20010304,广东省,440000,韶关市,440200,15.069883371
63,20010305,广东省,440000,韶关市,440200,18.5255041856
64,20010306,广东省,440000,韶关市,440200,19.8630165687
65,20010307,广东省,440000,韶关市,440200,13.7939816744
66,20010308,广东省,440000,韶关市,440200,10.9869774549
67,20010309,广东省,440000,韶关市,440200,12.7144910372
68,20010310,广东省,440000,韶关市,440200,12.5419378036
69,20010311,广东省,440000,韶关市,440200,13.1026663413
70,20010312,广东省,440000,韶关市,440200,15.4423203102
71,20010313,广东省,440000,韶关市,440200,18.3777865385
72,20010314,广东省,440000,韶关市,440200,18.6946432652
73,20010315,广东省,440000,韶关市,440200,20.3822011703
74,20010316,广东省,440000,韶关市,440200,19.8290845431
75,20010317,广东省,440000,韶关市,440200,16.8445538252
76,20010318,广东省,440000,韶关市,440200,19.7726259721
77,20010319,广东省,440000,韶关市,440200,18.8862890341
78,20010320,广东省,440000,韶关市,440200,16.3357062462
79,20010321,广东省,440000,韶关市,440200,18.42643684
80,20010322,广东省,440000,韶关市,440200,22.069643852
81,20010323,广东省,440000,韶关市,440200,22.7063358013
82,20010324,广东省,440000,韶关市,440200,23.1224694863
83,20010325,广东省,440000,韶关市,440200,16.9238576889
84,20010326,广东省,440000,韶关市,440200,17.4341366108
85,20010327,广东省,440000,韶关市,440200,16.7201660841
86,20010328,广东省,440000,韶关市,440200,17.0439807941
87,20010329,广东省,440000,韶关市,440200,14.8620459728
88,20010330,广东省,440000,韶关市,440200,19.3129341908
89,20010331,广东省,440000,韶关市,440200,20.1251143431
90,20010401,广东省,440000,韶关市,440200,19.5300141359
91,20010402,广东省,440000,韶关市,440200,21.5272866274
92,20010403,广东省,440000,韶关市,440200,20.334288377
93,20010404,广东省,440000,韶关市,440200,18.3488328396
94,20010405,广东省,440000,韶关市,440200,20.4521081386
95,20010406,广东省,440000,韶关市,440200,19.5639476776
96,20010407,广东省,440000,韶关市,440200,20.9667082077
97,20010408,广东省,440000,韶关市,440200,22.3845432966
98,20010409,广东省,440000,韶关市,440200,23.774362075
99,20010410,广东省,440000,韶关市,440200,18.0921774644
100,20010411,广东省,440000,韶关市,440200,10.9044412955
101,20010412,广东省,440000,韶关市,440200,15.2263008509
102,20010413,广东省,440000,韶关市,440200,19.0837902656
103,20010414,广东省,440000,韶关市,440200,20.6878532507
104,20010415,广东省,440000,韶关市,440200,18.9887909033
105,20010416,广东省,440000,韶关市,440200,18.8829156435
106,20010417,广东省,440000,韶关市,440200,20.155903156
107,20010418,广东省,440000,韶关市,440200,21.1164386945
108,20010419,广东省,440000,韶关市,440200,23.0884966728
109,20010420,广东省,440000,韶关市,440200,21.9839656047
110,20010421,广东省,440000,韶关市,440200,16.6974030764
111,20010422,广东省,440000,韶关市,440200,15.2161745903
112,20010423,广东省,440000,韶关市,440200,16.6914914938
113,20010424,广东省,440000,韶关市,440200,16.7995021282
114,20010425,广东省,440000,韶关市,440200,16.8076082865
115,20010426,广东省,440000,韶关市,440200,21.1808425708
116,20010427,广东省,440000,韶关市,440200,24.1305573781
117,20010428,广东省,440000,韶关市,440200,26.4455388387
118,20010429,广东省,440000,韶关市,440200,26.5712267558
119,20010430,广东省,440000,韶关市,440200,24.0904106727
120,20010501,广东省,440000,韶关市,440200,20.6767423581
121,20010502,广东省,440000,韶关市,440200,22.9993166801
122,20010503,广东省,440000,韶关市,440200,24.4864719586
123,20010504,广东省,440000,韶关市,440200,24.3543823927
124,20010505,广东省,440000,韶关市,440200,25.7986309345
125,20010506,广东省,440000,韶关市,440200,27.1223278046
126,20010507,广东省,440000,韶关市,440200,26.2455182198
127,20010508,广东省,440000,韶关市,440200,22.7483664782
128,20010509,广东省,440000,韶关市,440200,20.5705962548
129,20010510,广东省,440000,韶关市,440200,20.8130321992
130,20010511,广东省,440000,韶关市,440200,23.0384506812
131,20010512,广东省,440000,韶关市,440200,25.257655804
132,20010513,广东省,440000,韶关市,440200,26.8113153898
133,20010514,广东省,440000,韶关市,440200,26.8866473467
134,20010515,广东省,440000,韶关市,440200,27.0583441808
135,20010516,广东省,440000,韶关市,440200,24.572605671
136,20010517,广东省,440000,韶关市,440200,23.6689369006
137,20010518,广东省,440000,韶关市,440200,24.3093704811
138,20010519,广东省,440000,韶关市,440200,26.0262557788
139,20010520,广东省,440000,韶关市,440200,27.7227123456
140,20010521,广东省,440000,韶关市,440200,25.3500029246
141,20010522,广东省,440000,韶关市,440200,27.441846603
142,20010523,广东省,440000,韶关市,440200,28.3488032023
143,20010524,广东省,440000,韶关市,440200,28.6719569182
144,20010525,广东省,440000,韶关市,440200,28.3278629107
145,20010526,广东省,440000,韶关市,440200,28.154186151
146,20010527,广东省,440000,韶关市,440200,26.481220441
147,20010528,广东省,440000,韶关市,440200,24.171234033
148,20010529,广东省,440000,韶关市,440200,24.4592506213
149,20010530,广东省,440000,韶关市,440200,24.8700424097
150,20010531,广东省,440000,韶关市,440200,25.8221860543
151,20010601,广东省,440000,韶关市,440200,23.3772894541
152,20010602,广东省,440000,韶关市,440200,22.9890271211
153,20010603,广东省,440000,韶关市,440200,23.9049951113
154,20010604,广东省,440000,韶关市,440200,23.1330579611
155,20010605,广东省,440000,韶关市,440200,25.0525386028
156,20010606,广东省,440000,韶关市,440200,25.4358649132
157,20010607,广东省,440000,韶关市,440200,25.5300529676
158,20010608,广东省,440000,韶关市,440200,25.3175807366
159,20010609,广东省,440000,韶关市,440200,25.2216395354
160,20010610,广东省,440000,韶关市,440200,25.601505035
161,20010611,广东省,440000,韶关市,440200,25.2419514778
162,20010612,广东省,440000,韶关市,440200,25.6777775104
163,20010613,广东省,440000,韶关市,440200,22.5528660799
164,20010614,广东省,440000,韶关市,440200,25.4694623703
165,20010615,广东省,440000,韶关市,440200,27.7449149107
166,20010616,广东省,440000,韶关市,440200,28.2782822144
167,20010617,广东省,440000,韶关市,440200,28.9800867912
168,20010618,广东省,440000,韶关市,440200,29.4431573428
169,20010619,广东省,440000,韶关市,440200,28.7417572706
170,20010620,广东省,440000,韶关市,440200,28.4585362948
171,20010621,广东省,440000,韶关市,440200,28.7766533387
172,20010622,广东省,440000,韶关市,440200,28.2275558863
173,20010623,广东省,440000,韶关市,440200,28.4590490292
174,20010624,广东省,440000,韶关市,440200,28.1921770634
175,20010625,广东省,440000,韶关市,440200,26.2414990939
176,20010626,广东省,440000,韶关市,440200,26.5846511156
177,20010627,广东省,440000,韶关市,440200,26.2947306022
178,20010628,广东省,440000,韶关市,440200,28.0305041289
179,20010629,广东省,440000,韶关市,440200,29.031839762
180,20010630,广东省,440000,韶关市,440200,29.1620054
181,20010701,广东省,440000,韶关市,440200,28.5945198842
182,20010702,广东省,440000,韶关市,440200,26.922287672
183,20010703,广东省,440000,韶关市,440200,28.2625454145
184,20010704,广东省,440000,韶关市,440200,30.7016307635
185,20010705,广东省,440000,韶关市,440200,30.4814686408
186,20010706,广东省,440000,韶关市,440200,26.0809085063
187,20010707,广东省,440000,韶关市,440200,27.7953764598
188,20010708,广东省,440000,韶关市,440200,29.0910619589
189,20010709,广东省,440000,韶关市,440200,30.0019331223
190,20010710,广东省,440000,韶关市,440200,30.6343490894
191,20010711,广东省,440000,韶关市,440200,31.3228359222
192,20010712,广东省,440000,韶关市,440200,30.1458493746
193,20010713,广东省,440000,韶关市,440200,26.5240893242
194,20010714,广东省,440000,韶关市,440200,26.3949545836
195,20010715,广东省,440000,韶关市,440200,26.3471050262
196,20010716,广东省,440000,韶关市,440200,25.565578803
197,20010717,广东省,440000,韶关市,440200,24.7079484891
198,20010718,广东省,440000,韶关市,440200,25.7601763896
199,20010719,广东省,440000,韶关市,440200,27.734955372
200,20010720,广东省,440000,韶关市,440200,28.9877713032
201,20010721,广东省,440000,韶关市,440200,28.1062046442
202,20010722,广东省,440000,韶关市,440200,28.0877094269
203,20010723,广东省,440000,韶关市,440200,29.8141298539
204,20010724,广东省,440000,韶关市,440200,28.6420666621
205,20010725,广东省,440000,韶关市,440200,28.4563573201
206,20010726,广东省,440000,韶关市,440200,27.285711533
207,20010727,广东省,440000,韶关市,440200,28.3352277218
208,20010728,广东省,440000,韶关市,440200,29.8817815047
209,20010729,广东省,440000,韶关市,440200,30.5172831707
210,20010730,广东省,440000,韶关市,440200,31.1352810493
211,20010731,广东省,440000,韶关市,440200,29.7790241241
212,20010801,广东省,440000,韶关市,440200,25.5710316193
213,20010802,广东省,440000,韶关市,440200,25.3572253203
214,20010803,广东省,440000,韶关市,440200,27.6511128743
215,20010804,广东省,440000,韶关市,440200,29.3425134512
216,20010805,广东省,440000,韶关市,440200,30.4139740284
217,20010806,广东省,440000,韶关市,440200,30.7571524107
218,20010807,广东省,440000,韶关市,440200,30.2329315772
219,20010808,广东省,440000,韶关市,440200,29.7692835392
220,20010809,广东省,440000,韶关市,440200,29.0755724296
221,20010810,广东省,440000,韶关市,440200,28.3256279872
222,20010811,广东省,440000,韶关市,440200,26.6459660652
223,20010812,广东省,440000,韶关市,440200,26.9782004723
224,20010813,广东省,440000,韶关市,440200,27.6528109526
225,20010814,广东省,440000,韶关市,440200,27.6548017355
226,20010815,广东省,440000,韶关市,440200,26.8605296795
227,20010816,广东省,440000,韶关市,440200,26.7585607186
228,20010817,广东省,440000,韶关市,440200,27.2100527837
229,20010818,广东省,440000,韶关市,440200,28.7951858227
230,20010819,广东省,440000,韶关市,440200,29.2134462992
231,20010820,广东省,440000,韶关市,440200,30.1285639054
232,20010821,广东省,440000,韶关市,440200,30.0893856929
233,20010822,广东省,440000,韶关市,440200,30.6788141789
234,20010823,广东省,440000,韶关市,440200,30.6503103207
235,20010824,广东省,440000,韶关市,440200,29.6896129021
236,20010825,广东省,440000,韶关市,440200,27.3653952281
237,20010826,广东省,440000,韶关市,440200,27.4734019255
238,20010827,广东省,440000,韶关市,440200,26.9914127252
239,20010828,广东省,440000,韶关市,440200,27.2728269528
240,20010829,广东省,440000,韶关市,440200,27.0083945348
241,20010830,广东省,440000,韶关市,440200,26.6156668541
242,20010831,广东省,440000,韶关市,440200,25.7515752254
243,20010901,广东省,440000,韶关市,440200,24.614595511
244,20010902,广东省,440000,韶关市,440200,24.8880965404
245,20010903,广东省,440000,韶关市,440200,25.1515578735
246,20010904,广东省,440000,韶关市,440200,25.3041268862
247,20010905,广东省,440000,韶关市,440200,25.3914631575
248,20010906,广东省,440000,韶关市,440200,27.0071909
249,20010907,广东省,440000,韶关市,440200,27.7085860815
250,20010908,广东省,440000,韶关市,440200,27.5156179086
251,20010909,广东省,440000,韶关市,440200,26.5638460502
252,20010910,广东省,440000,韶关市,440200,26.2320575714
253,20010911,广东省,440000,韶关市,440200,26.1973302792
254,20010912,广东省,440000,韶关市,440200,26.4116707337
255,20010913,广东省,440000,韶关市,440200,26.4851568173
256,20010914,广东省,440000,韶关市,440200,27.2846770653
257,20010915,广东省,440000,韶关市,440200,27.0947676439
258,20010916,广东省,440000,韶关市,440200,26.8913502326
259,20010917,广东省,440000,韶关市,440200,27.9754078205
260,20010918,广东省,440000,韶关市,440200,27.9529893826
261,20010919,广东省,440000,韶关市,440200,28.5040923877
262,20010920,广东省,440000,韶关市,440200,25.4975552681
263,20010921,广东省,440000,韶关市,440200,25.2672595978
264,20010922,广东省,440000,韶关市,440200,25.6339472257
265,20010923,广东省,440000,韶关市,440200,25.4722040127
266,20010924,广东省,440000,韶关市,440200,26.8692324712
267,20010925,广东省,440000,韶关市,440200,26.7026058099
268,20010926,广东省,440000,韶关市,440200,26.2050034939
269,20010927,广东省,440000,韶关市,440200,26.3103696872
270,20010928,广东省,440000,韶关市,440200,25.9006224412
271,20010929,广东省,440000,韶关市,440200,25.9084132757
272,20010930,广东省,440000,韶关市,440200,26.6908022563
273,20011001,广东省,440000,韶关市,440200,25.2871530484
274,20011002,广东省,440000,韶关市,440200,25.714052347
275,20011003,广东省,440000,韶关市,440200,24.0071672293
276,20011004,广东省,440000,韶关市,440200,21.0149311163
277,20011005,广东省,440000,韶关市,440200,22.0707533421
278,20011006,广东省,440000,韶关市,440200,24.8578603207
279,20011007,广东省,440000,韶关市,440200,25.4420352838
280,20011008,广东省,440000,韶关市,440200,22.51691471
281,20011009,广东省,440000,韶关市,440200,20.620624689
282,20011010,广东省,440000,韶关市,440200,21.8204846504
283,20011011,广东省,440000,韶关市,440200,23.2303214929
284,20011012,广东省,440000,韶关市,440200,23.5061246432
285,20011013,广东省,440000,韶关市,440200,24.4167780754
286,20011014,广东省,440000,韶关市,440200,24.529468194
287,20011015,广东省,440000,韶关市,440200,24.104642379
288,20011016,广东省,440000,韶关市,440200,23.1216623355
289,20011017,广东省,440000,韶关市,440200,22.075285398
290,20011018,广东省,440000,韶关市,440200,23.0069021567
291,20011019,广东省,440000,韶关市,440200,23.8784603706
292,20011020,广东省,440000,韶关市,440200,24.396786323
293,20011021,广东省,440000,韶关市,440200,24.4654942048
294,20011022,广东省,440000,韶关市,440200,24.1107867314
295,20011023,广东省,440000,韶关市,440200,24.7821509043
296,20011024,广东省,440000,韶关市,440200,25.1701192611
297,20011025,广东省,440000,韶关市,440200,25.5620965713
298,20011026,广东省,440000,韶关市,440200,25.4126794766
299,20011027,广东省,440000,韶关市,440200,22.5194339752
300,20011028,广东省,440000,韶关市,440200,21.4793128478
301,20011029,广东省,440000,韶关市,440200,19.2538688855
302,20011030,广东省,440000,韶关市,440200,20.0156769386
303,20011031,广东省,440000,韶关市,440200,21.9243278503
304,20011101,广东省,440000,韶关市,440200,22.0155901787
305,20011102,广东省,440000,韶关市,440200,23.5170627985
306,20011103,广东省,440000,韶关市,440200,20.028156574
307,20011104,广东省,440000,韶关市,440200,20.0157208565
308,20011105,广东省,440000,韶关市,440200,17.6782577955
309,20011106,广东省,440000,韶关市,440200,17.3379085247
310,20011107,广东省,440000,韶关市,440200,17.833509274
311,20011108,广东省,440000,韶关市,440200,19.1476959815
312,20011109,广东省,440000,韶关市,440200,18.3564549715
313,20011110,广东省,440000,韶关市,440200,17.4027996552
314,20011111,广东省,440000,韶关市,440200,16.4668167554
315,20011112,广东省,440000,韶关市,440200,18.4253880427
316,20011113,广东省,440000,韶关市,440200,19.154856315
317,20011114,广东省,440000,韶关市,440200,13.6047985126
318,20011115,广东省,440000,韶关市,440200,12.3481160677
319,20011116,广东省,440000,韶关市,440200,13.2404873432
320,20011117,广东省,440000,韶关市,440200,14.947065011
321,20011118,广东省,440000,韶关市,440200,15.2144487577
322,20011119,广东省,440000,韶关市,440200,14.4346580261
323,20011120,广东省,440000,韶关市,440200,13.6768470422
324,20011121,广东省,440000,韶关市,440200,13.2909222383
325,20011122,广东省,440000,韶关市,440200,13.6065294559
326,20011123,广东省,440000,韶关市,440200,14.0698103293
327,20011124,广东省,440000,韶关市,440200,14.6959825418
328,20011125,广东省,440000,韶关市,440200,15.4773215758
329,20011126,广东省,440000,韶关市,440200,15.3893785477
330,20011127,广东省,440000,韶关市,440200,16.1062802535
331,20011128,广东省,440000,韶关市,440200,19.8994762714
332,20011129,广东省,440000,韶关市,440200,19.6033702753
333,20011130,广东省,440000,韶关市,440200,19.818247086
334,20011201,广东省,440000,韶关市,440200,18.7269000518
335,20011202,广东省,440000,韶关市,440200,19.4931177482
336,20011203,广东省,440000,韶关市,440200,19.8480652785
337,20011204,广东省,440000,韶关市,440200,19.448389518
338,20011205,广东省,440000,韶关市,440200,16.8514758134
339,20011206,广东省,440000,韶关市,440200,9.55431240033
340,20011207,广东省,440000,韶关市,440200,12.7408177058
341,20011208,广东省,440000,韶关市,440200,14.0762568987
342,20011209,广东省,440000,韶关市,440200,11.4134600468
343,20011210,广东省,440000,韶关市,440200,10.0565450986
344,20011211,广东省,440000,韶关市,440200,12.3000037976
345,20011212,广东省,440000,韶关市,440200,11.9767690072
346,20011213,广东省,440000,韶关市,440200,8.34640312195
347,20011214,广东省,440000,韶关市,440200,9.29730746685
348,20011215,广东省,440000,韶关市,440200,13.2334555601
349,20011216,广东省,440000,韶关市,440200,12.5385107383
350,20011217,广东省,440000,韶关市,440200,9.45154428482
351,20011218,广东省,440000,韶关市,440200,8.42123377629
352,20011219,广东省,440000,韶关市,440200,10.4226436737
353,20011220,广东省,440000,韶关市,440200,9.38632068879
354,20011221,广东省,440000,韶关市,440200,6.8105169932
355,20011222,广东省,440000,韶关市,440200,6.44558690144
356,20011223,广东省,440000,韶关市,440200,7.87964828198
357,20011224,广东省,440000,韶关市,440200,9.40149273017
358,20011225,广东省,440000,韶关市,440200,8.66329400967
359,20011226,广东省,440000,韶关市,440200,7.71865134361
360,20011227,广东省,440000,韶关市,440200,8.78913224049
361,20011228,广东省,440000,韶关市,440200,8.74533236332
362,20011229,广东省,440000,韶关市,440200,8.34532907682
363,20011230,广东省,440000,韶关市,440200,9.47851115007
364,20011231,广东省,440000,韶关市,440200,11.5775531378
365,20020101,广东省,440000,韶关市,440200,13.1184150745
366,20020102,广东省,440000,韶关市,440200,11.4794038626
367,20020103,广东省,440000,韶关市,440200,11.1418521099
368,20020104,广东省,440000,韶关市,440200,11.2817985584
369,20020105,广东省,440000,韶关市,440200,12.3536716363
370,20020106,广东省,440000,韶关市,440200,13.5302285904
371,20020107,广东省,440000,韶关市,440200,13.7483081818
372,20020108,广东省,440000,韶关市,440200,12.2890947538
373,20020109,广东省,440000,韶关市,440200,12.576085164
374,20020110,广东省,440000,韶关市,440200,15.0079784638
375,20020111,广东省,440000,韶关市,440200,16.241642952
376,20020112,广东省,440000,韶关市,440200,17.9556174645
377,20020113,广东省,440000,韶关市,440200,18.6435044117
378,20020114,广东省,440000,韶关市,440200,18.7212884365
379,20020115,广东省,440000,韶关市,440200,19.4379538512
380,20020116,广东省,440000,韶关市,440200,18.4529093718
381,20020117,广东省,440000,韶关市,440200,15.9211681317
382,20020118,广东省,440000,韶关市,440200,9.09948143592
383,20020119,广东省,440000,韶关市,440200,7.77078621204
384,20020120,广东省,440000,韶关市,440200,6.55539545646
385,20020121,广东省,440000,韶关市,440200,8.12389017985
386,20020122,广东省,440000,韶关市,440200,8.9914729045
387,20020123,广东省,440000,韶关市,440200,9.97078007918
388,20020124,广东省,440000,韶关市,440200,8.21875883983
389,20020125,广东省,440000,韶关市,440200,7.80439864672
390,20020126,广东省,440000,韶关市,440200,7.74385052461
391,20020127,广东省,440000,韶关市,440200,6.87769469237
392,20020128,广东省,440000,韶关市,440200,8.74958440585
393,20020129,广东省,440000,韶关市,440200,11.2967875065
394,20020130,广东省,440000,韶关市,440200,12.3497001452
395,20020131,广东省,440000,韶关市,440200,11.1761890436
396,20020201,广东省,440000,韶关市,440200,6.86066340177
397,20020202,广东省,440000,韶关市,440200,9.005559799
398,20020203,广东省,440000,韶关市,440200,9.46567013325
399,20020204,广东省,440000,韶关市,440200,9.68736813619
400,20020205,广东省,440000,韶关市,440200,10.6148243929
401,20020206,广东省,440000,韶关市,440200,10.8422133128
402,20020207,广东省,440000,韶关市,440200,12.107223902
403,20020208,广东省,440000,韶关市,440200,14.0404522236
404,20020209,广东省,440000,韶关市,440200,13.8926065396
405,20020210,广东省,440000,韶关市,440200,10.9115837171
406,20020211,广东省,440000,韶关市,440200,12.6924203481
407,20020212,广东省,440000,韶关市,440200,14.9290094376
408,20020213,广东省,440000,韶关市,440200,15.5799719248
409,20020214,广东省,440000,韶关市,440200,17.2679546063
410,20020215,广东省,440000,韶关市,440200,15.0102052933
411,20020216,广东省,440000,韶关市,440200,17.4885796767
412,20020217,广东省,440000,韶关市,440200,19.2923578116
413,20020218,广东省,440000,韶关市,440200,18.3550692338
414,20020219,广东省,440000,韶关市,440200,16.5181884521
415,20020220,广东省,440000,韶关市,440200,16.6877854665
416,20020221,广东省,440000,韶关市,440200,19.3175983918
417,20020222,广东省,440000,韶关市,440200,19.936032662
418,20020223,广东省,440000,韶关市,440200,16.0312224413
419,20020224,广东省,440000,韶关市,440200,16.3069564868
420,20020225,广东省,440000,韶关市,440200,17.8752180246
421,20020226,广东省,440000,韶关市,440200,20.0758763582
422,20020227,广东省,440000,韶关市,440200,19.512817554
423,20020228,广东省,440000,韶关市,440200,19.4356134855
424,20020301,广东省,440000,韶关市,440200,19.4021363381
425,20020302,广东省,440000,韶关市,440200,20.5663243807
426,20020303,广东省,440000,韶关市,440200,19.5872254738
427,20020304,广东省,440000,韶关市,440200,19.1513165449
428,20020305,广东省,440000,韶关市,440200,10.3206066107
429,20020306,广东省,440000,韶关市,440200,11.8764201433
430,20020307,广东省,440000,韶关市,440200,15.1869191879
431,20020308,广东省,440000,韶关市,440200,18.2353959206
432,20020309,广东省,440000,韶关市,440200,16.7657460188
433,20020310,广东省,440000,韶关市,440200,19.6777115846
434,20020311,广东省,440000,韶关市,440200,19.0983116443
435,20020312,广东省,440000,韶关市,440200,20.1258630019
436,20020313,广东省,440000,韶关市,440200,20.0209461603
437,20020314,广东省,440000,韶关市,440200,20.2165809044
438,20020315,广东省,440000,韶关市,440200,19.3398550718
439,20020316,广东省,440000,韶关市,440200,17.4883256325
440,20020317,广东省,440000,韶关市,440200,16.1956973932
441,20020318,广东省,440000,韶关市,440200,16.4766354194
442,20020319,广东省,440000,韶关市,440200,20.1247681349
443,20020320,广东省,440000,韶关市,440200,22.3138692807
444,20020321,广东省,440000,韶关市,440200,23.6394447914
445,20020322,广东省,440000,韶关市,440200,18.3657421699
446,20020323,广东省,440000,韶关市,440200,14.8420968178
447,20020324,广东省,440000,韶关市,440200,13.5363660959
448,20020325,广东省,440000,韶关市,440200,17.1593491725
449,20020326,广东省,440000,韶关市,440200,20.6570595472
450,20020327,广东省,440000,韶关市,440200,23.6824902265
451,20020328,广东省,440000,韶关市,440200,22.0053836627
452,20020329,广东省,440000,韶关市,440200,18.2113336416
453,20020330,广东省,440000,韶关市,440200,20.7878584739
454,20020331,广东省,440000,韶关市,440200,21.4263933622
455,20020401,广东省,440000,韶关市,440200,23.453998908
456,20020402,广东省,440000,韶关市,440200,25.8047678532
457,20020403,广东省,440000,韶关市,440200,27.1027247111
458,20020404,广东省,440000,韶关市,440200,25.8347733326
459,20020405,广东省,440000,韶关市,440200,24.1093668815
460,20020406,广东省,440000,韶关市,440200,24.3550136762
461,20020407,广东省,440000,韶关市,440200,25.9540846898
462,20020408,广东省,440000,韶关市,440200,22.0196904403
463,20020409,广东省,440000,韶关市,440200,15.4752158141
464,20020410,广东省,440000,韶关市,440200,13.7487799082
465,20020411,广东省,440000,韶关市,440200,12.9985071084
466,20020412,广东省,440000,韶关市,440200,17.5385045272
467,20020413,广东省,440000,韶关市,440200,21.2951625433
468,20020414,广东省,440000,韶关市,440200,23.0800982744
469,20020415,广东省,440000,韶关市,440200,25.8997694162
470,20020416,广东省,440000,韶关市,440200,25.4249788431
471,20020417,广东省,440000,韶关市,440200,22.26501592
472,20020418,广东省,440000,韶关市,440200,16.1333761949
473,20020419,广东省,440000,韶关市,440200,18.8565017994
474,20020420,广东省,440000,韶关市,440200,22.0853648063
475,20020421,广东省,440000,韶关市,440200,24.7487679506
476,20020422,广东省,440000,韶关市,440200,26.885993713
477,20020423,广东省,440000,韶关市,440200,27.1408592126
478,20020424,广东省,440000,韶关市,440200,22.8689018152
479,20020425,广东省,440000,韶关市,440200,17.6249065644
480,20020426,广东省,440000,韶关市,440200,17.5020095385
481,20020427,广东省,440000,韶关市,440200,20.5509732075
482,20020428,广东省,440000,韶关市,440200,24.7443540035
483,20020429,广东省,440000,韶关市,440200,25.3965343084
484,20020430,广东省,440000,韶关市,440200,26.3461625515
485,20020501,广东省,440000,韶关市,440200,27.0419517419
486,20020502,广东省,440000,韶关市,440200,27.1883575244
487,20020503,广东省,440000,韶关市,440200,26.9925415333
488,20020504,广东省,440000,韶关市,440200,27.0193157685
489,20020505,广东省,440000,韶关市,440200,27.5643362877
490,20020506,广东省,440000,韶关市,440200,27.2773174384
491,20020507,广东省,440000,韶关市,440200,24.6769831242
492,20020508,广东省,440000,韶关市,440200,24.9010646038
493,20020509,广东省,440000,韶关市,440200,23.6944540953
494,20020510,广东省,440000,韶关市,440200,20.6998320849
495,20020511,广东省,440000,韶关市,440200,22.7951019972
496,20020512,广东省,440000,韶关市,440200,25.8472389808
497,20020513,广东省,440000,韶关市,440200,26.8720310407
498,20020514,广东省,440000,韶关市,440200,22.6224843539
499,20020515,广东省,440000,韶关市,440200,25.1336012131
500,20020516,广东省,440000,韶关市,440200,25.5007513975
501,20020517,广东省,440000,韶关市,440200,24.6328048217
502,20020518,广东省,440000,韶关市,440200,26.379310021
503,20020519,广东省,440000,韶关市,440200,25.6823180761
504,20020520,广东省,440000,韶关市,440200,25.0228034778
505,20020521,广东省,440000,韶关市,440200,25.5233484904
506,20020522,广东省,440000,韶关市,440200,23.2055640098
507,20020523,广东省,440000,韶关市,440200,23.3088673323
508,20020524,广东省,440000,韶关市,440200,24.3691186171
509,20020525,广东省,440000,韶关市,440200,24.177315443
510,20020526,广东省,440000,韶关市,440200,25.5238474821
511,20020527,广东省,440000,韶关市,440200,26.5170488602
512,20020528,广东省,440000,韶关市,440200,27.2877855545
513,20020529,广东省,440000,韶关市,440200,28.4293814439
514,20020530,广东省,440000,韶关市,440200,25.9167607625
515,20020531,广东省,440000,韶关市,440200,26.9291801453
516,20020601,广东省,440000,韶关市,440200,27.9363730993
517,20020602,广东省,440000,韶关市,440200,27.8591617193
518,20020603,广东省,440000,韶关市,440200,27.7862612406
519,20020604,广东省,440000,韶关市,440200,28.8799652197
520,20020605,广东省,440000,韶关市,440200,28.886036555
521,20020606,广东省,440000,韶关市,440200,29.1618629358
522,20020607,广东省,440000,韶关市,440200,28.6677620228
523,20020608,广东省,440000,韶关市,440200,27.5566273714
524,20020609,广东省,440000,韶关市,440200,28.2387405298
525,20020610,广东省,440000,韶关市,440200,27.3997989557
526,20020611,广东省,440000,韶关市,440200,25.2741300143
527,20020612,广东省,440000,韶关市,440200,25.4177787976
528,20020613,广东省,440000,韶关市,440200,26.2317844782
529,20020614,广东省,440000,韶关市,440200,27.7217231164
530,20020615,广东省,440000,韶关市,440200,27.9408926352
531,20020616,广东省,440000,韶关市,440200,26.7458363068
532,20020617,广东省,440000,韶关市,440200,25.4590775416
533,20020618,广东省,440000,韶关市,440200,27.1213880197
534,20020619,广东省,440000,韶关市,440200,29.1142097864
535,20020620,广东省,440000,韶关市,440200,29.4857292664
536,20020621,广东省,440000,韶关市,440200,29.8568628262
537,20020622,广东省,440000,韶关市,440200,30.0367504022
538,20020623,广东省,440000,韶关市,440200,29.3006151639
539,20020624,广东省,440000,韶关市,440200,30.0315098885
540,20020625,广东省,440000,韶关市,440200,29.6005546863
541,20020626,广东省,440000,韶关市,440200,29.9874476408
542,20020627,广东省,440000,韶关市,440200,30.4052928044
543,20020628,广东省,440000,韶关市,440200,29.8962684534
544,20020629,广东省,440000,韶关市,440200,29.2990512848
545,20020630,广东省,440000,韶关市,440200,26.1892530979
546,20020701,广东省,440000,韶关市,440200,25.1026251866
547,20020702,广东省,440000,韶关市,440200,26.1313971495
548,20020703,广东省,440000,韶关市,440200,28.0904928354
549,20020704,广东省,440000,韶关市,440200,29.4697410877
550,20020705,广东省,440000,韶关市,440200,29.9815074725
551,20020706,广东省,440000,韶关市,440200,28.0663185609
552,20020707,广东省,440000,韶关市,440200,27.0106850649
553,20020708,广东省,440000,韶关市,440200,26.7166306911
554,20020709,广东省,440000,韶关市,440200,27.2429641821
555,20020710,广东省,440000,韶关市,440200,27.4867910238
556,20020711,广东省,440000,韶关市,440200,29.6633820167
557,20020712,广东省,440000,韶关市,440200,30.3644903623
558,20020713,广东省,440000,韶关市,440200,30.9892960573
559,20020714,广东省,440000,韶关市,440200,30.4184467609
560,20020715,广东省,440000,韶关市,440200,31.252172519
561,20020716,广东省,440000,韶关市,440200,30.0317941323
562,20020717,广东省,440000,韶关市,440200,27.4103170053
563,20020718,广东省,440000,韶关市,440200,26.9055845799
564,20020719,广东省,440000,韶关市,440200,26.2908940438
565,20020720,广东省,440000,韶关市,440200,25.4024880238
566,20020721,广东省,440000,韶关市,440200,27.1857475868
567,20020722,广东省,440000,韶关市,440200,28.2373673855
568,20020723,广东省,440000,韶关市,440200,28.4703372564
569,20020724,广东省,440000,韶关市,440200,28.8367812328
570,20020725,广东省,440000,韶关市,440200,27.850928331
571,20020726,广东省,440000,韶关市,440200,26.1535511017
572,20020727,广东省,440000,韶关市,440200,25.9924753629
573,20020728,广东省,440000,韶关市,440200,27.6489662268
574,20020729,广东省,440000,韶关市,440200,26.8232349494
575,20020730,广东省,440000,韶关市,440200,27.1709395189
576,20020731,广东省,440000,韶关市,440200,28.1661328536
577,20020801,广东省,440000,韶关市,440200,29.115168009
578,20020802,广东省,440000,韶关市,440200,29.3021079332
579,20020803,广东省,440000,韶关市,440200,28.5759282234
580,20020804,广东省,440000,韶关市,440200,28.6431115957
581,20020805,广东省,440000,韶关市,440200,27.4272072621
582,20020806,广东省,440000,韶关市,440200,26.0442753327
583,20020807,广东省,440000,韶关市,440200,26.235465172
584,20020808,广东省,440000,韶关市,440200,24.8813702021
585,20020809,广东省,440000,韶关市,440200,24.1962430416
586,20020810,广东省,440000,韶关市,440200,24.149404917
587,20020811,广东省,440000,韶关市,440200,25.9316882598
588,20020812,广东省,440000,韶关市,440200,27.6946842487
589,20020813,广东省,440000,韶关市,440200,28.2456814204
590,20020814,广东省,440000,韶关市,440200,27.6391261663
591,20020815,广东省,440000,韶关市,440200,27.5930690276
592,20020816,广东省,440000,韶关市,440200,27.4892039666
593,20020817,广东省,440000,韶关市,440200,27.1166159801
594,20020818,广东省,440000,韶关市,440200,25.503192168
595,20020819,广东省,440000,韶关市,440200,25.8100944421
596,20020820,广东省,440000,韶关市,440200,27.4251035544
597,20020821,广东省,440000,韶关市,440200,28.5524449471
598,20020822,广东省,440000,韶关市,440200,29.7704026149
599,20020823,广东省,440000,韶关市,440200,30.2408986214
600,20020824,广东省,440000,韶关市,440200,30.1152957036
601,20020825,广东省,440000,韶关市,440200,29.9066290733
602,20020826,广东省,440000,韶关市,440200,29.8764415643
603,20020827,广东省,440000,韶关市,440200,26.2910291721
604,20020828,广东省,440000,韶关市,440200,27.7071114565
605,20020829,广东省,440000,韶关市,440200,27.7708533849
606,20020830,广东省,440000,韶关市,440200,27.5305422269
607,20020831,广东省,440000,韶关市,440200,27.9438661918
608,20020901,广东省,440000,韶关市,440200,28.291269498
609,20020902,广东省,440000,韶关市,440200,27.9350840251
610,20020903,广东省,440000,韶关市,440200,26.6649203667
611,20020904,广东省,440000,韶关市,440200,26.9330480527
612,20020905,广东省,440000,韶关市,440200,28.4326851674
613,20020906,广东省,440000,韶关市,440200,27.0706632565
614,20020907,广东省,440000,韶关市,440200,26.1192720364
615,20020908,广东省,440000,韶关市,440200,24.5147511898
616,20020909,广东省,440000,韶关市,440200,26.7958449339
617,20020910,广东省,440000,韶关市,440200,28.5324196938
618,20020911,广东省,440000,韶关市,440200,27.1534174895
619,20020912,广东省,440000,韶关市,440200,25.9308360173
620,20020913,广东省,440000,韶关市,440200,26.4501977578
621,20020914,广东省,440000,韶关市,440200,25.1277997922
622,20020915,广东省,440000,韶关市,440200,21.7233085632
623,20020916,广东省,440000,韶关市,440200,21.2238090711
624,20020917,广东省,440000,韶关市,440200,21.7518482208
625,20020918,广东省,440000,韶关市,440200,24.8838113149
626,20020919,广东省,440000,韶关市,440200,26.6817224943
627,20020920,广东省,440000,韶关市,440200,27.2963591356
628,20020921,广东省,440000,韶关市,440200,27.2169162555
629,20020922,广东省,440000,韶关市,440200,24.6055475382
630,20020923,广东省,440000,韶关市,440200,22.8558001885
631,20020924,广东省,440000,韶关市,440200,23.0038828238
632,20020925,广东省,440000,韶关市,440200,22.9698218321
633,20020926,广东省,440000,韶关市,440200,24.3303644229
634,20020927,广东省,440000,韶关市,440200,21.3084686475
635,20020928,广东省,440000,韶关市,440200,20.4101353181
636,20020929,广东省,440000,韶关市,440200,20.4561534784
637,20020930,广东省,440000,韶关市,440200,21.4880706591
638,20021001,广东省,440000,韶关市,440200,22.9376899524
639,20021002,广东省,440000,韶关市,440200,24.1864231794
640,20021003,广东省,440000,韶关市,440200,25.1971954933
641,20021004,广东省,440000,韶关市,440200,25.7637948745
642,20021005,广东省,440000,韶关市,440200,24.0724466764
643,20021006,广东省,440000,韶关市,440200,20.208464109
644,20021007,广东省,440000,韶关市,440200,20.14814548
645,20021008,广东省,440000,韶关市,440200,19.6747544117
646,20021009,广东省,440000,韶关市,440200,19.56700594
647,20021010,广东省,440000,韶关市,440200,20.3572330475
648,20021011,广东省,440000,韶关市,440200,22.0485167381
649,20021012,广东省,440000,韶关市,440200,23.9601502541
650,20021013,广东省,440000,韶关市,440200,24.1974097521
651,20021014,广东省,440000,韶关市,440200,24.6141839639
652,20021015,广东省,440000,韶关市,440200,25.7398250775
653,20021016,广东省,440000,韶关市,440200,25.1451400366
654,20021017,广东省,440000,韶关市,440200,24.6629623511
655,20021018,广东省,440000,韶关市,440200,24.2481761835
656,20021019,广东省,440000,韶关市,440200,23.764350402
657,20021020,广东省,440000,韶关市,440200,20.9422583947
658,20021021,广东省,440000,韶关市,440200,17.4417257553
659,20021022,广东省,440000,韶关市,440200,16.0670226904
660,20021023,广东省,440000,韶关市,440200,15.6243584951
661,20021024,广东省,440000,韶关市,440200,17.582063137
662,20021025,广东省,440000,韶关市,440200,20.8771823492
663,20021026,广东省,440000,韶关市,440200,19.9368615273
664,20021027,广东省,440000,韶关市,440200,18.7477497688
665,20021028,广东省,440000,韶关市,440200,18.8329437941
666,20021029,广东省,440000,韶关市,440200,17.3653985537
667,20021030,广东省,440000,韶关市,440200,15.9840670121
668,20021031,广东省,440000,韶关市,440200,18.1990421491
669,20021101,广东省,440000,韶关市,440200,18.0602617264
670,20021102,广东省,440000,韶关市,440200,16.3169813401
671,20021103,广东省,440000,韶关市,440200,16.7025865653
672,20021104,广东省,440000,韶关市,440200,15.1217844058
673,20021105,广东省,440000,韶关市,440200,16.1223290028
674,20021106,广东省,440000,韶关市,440200,17.3701219803
675,20021107,广东省,440000,韶关市,440200,18.5718609737
676,20021108,广东省,440000,韶关市,440200,18.7025324015
677,20021109,广东省,440000,韶关市,440200,18.0273164113
678,20021110,广东省,440000,韶关市,440200,20.30077186
679,20021111,广东省,440000,韶关市,440200,22.2586618081
680,20021112,广东省,440000,韶关市,440200,22.9735521659
681,20021113,广东省,440000,韶关市,440200,24.2341727721
682,20021114,广东省,440000,韶关市,440200,23.4074398432
683,20021115,广东省,440000,韶关市,440200,16.441123889
684,20021116,广东省,440000,韶关市,440200,14.535700798
685,20021117,广东省,440000,韶关市,440200,16.3716306197
686,20021118,广东省,440000,韶关市,440200,16.2543268937
687,20021119,广东省,440000,韶关市,440200,14.8673710945
688,20021120,广东省,440000,韶关市,440200,15.4897416677
689,20021121,广东省,440000,韶关市,440200,14.0987452238
690,20021122,广东省,440000,韶关市,440200,13.5477163119
691,20021123,广东省,440000,韶关市,440200,15.5909502567
692,20021124,广东省,440000,韶关市,440200,13.8056810819
693,20021125,广东省,440000,韶关市,440200,13.23225552
694,20021126,广东省,440000,韶关市,440200,15.192616047
695,20021127,广东省,440000,韶关市,440200,14.135950871
696,20021128,广东省,440000,韶关市,440200,13.3330332438
697,20021129,广东省,440000,韶关市,440200,16.406580925
698,20021130,广东省,440000,韶关市,440200,16.7225395594
699,20021201,广东省,440000,韶关市,440200,16.3999608113
700,20021202,广东省,440000,韶关市,440200,17.9705982697
701,20021203,广东省,440000,韶关市,440200,19.8096880301
702,20021204,广东省,440000,韶关市,440200,21.5360335815
703,20021205,广东省,440000,韶关市,440200,22.6605702914
704,20021206,广东省,440000,韶关市,440200,22.2557702187
705,20021207,广东省,440000,韶关市,440200,13.3422839091
706,20021208,广东省,440000,韶关市,440200,7.70961954655
707,20021209,广东省,440000,韶关市,440200,8.12011281038
708,20021210,广东省,440000,韶关市,440200,10.2351738367
709,20021211,广东省,440000,韶关市,440200,8.97947903169
710,20021212,广东省,440000,韶关市,440200,9.9739764776
711,20021213,广东省,440000,韶关市,440200,10.9776530144
712,20021214,广东省,440000,韶关市,440200,12.6076038312
713,20021215,广东省,440000,韶关市,440200,15.813927088
714,20021216,广东省,440000,韶关市,440200,18.0645438952
715,20021217,广东省,440000,韶关市,440200,18.0429412157
716,20021218,广东省,440000,韶关市,440200,17.3980681835
717,20021219,广东省,440000,韶关市,440200,12.5001111153
718,20021220,广东省,440000,韶关市,440200,11.2366610062
719,20021221,广东省,440000,韶关市,440200,11.9316099852
720,20021222,广东省,440000,韶关市,440200,12.2646354162
721,20021223,广东省,440000,韶关市,440200,12.4178171647
722,20021224,广东省,440000,韶关市,440200,12.5707681118
723,20021225,广东省,440000,韶关市,440200,7.96083140985
724,20021226,广东省,440000,韶关市,440200,2.16175337785
725,20021227,广东省,440000,韶关市,440200,2.58833530957
726,20021228,广东省,440000,韶关市,440200,5.33486619362
727,20021229,广东省,440000,韶关市,440200,6.39292962123
728,20021230,广东省,440000,韶关市,440200,6.94902742826
729,20021231,广东省,440000,韶关市,440200,9.00856873928
730,20030101,广东省,440000,韶关市,440200,9.64185667038
731,20030102,广东省,440000,韶关市,440200,8.55560525258
732,20030103,广东省,440000,韶关市,440200,6.90301656723
733,20030104,广东省,440000,韶关市,440200,8.7218747628
734,20030105,广东省,440000,韶关市,440200,7.95799682079
735,20030106,广东省,440000,韶关市,440200,2.94243896772
736,20030107,广东省,440000,韶关市,440200,3.91546813953
737,20030108,广东省,440000,韶关市,440200,5.0631308739
738,20030109,广东省,440000,韶关市,440200,8.29188109667
739,20030110,广东省,440000,韶关市,440200,8.82545554332
740,20030111,广东省,440000,韶关市,440200,8.91827190839
741,20030112,广东省,440000,韶关市,440200,9.19093429125
742,20030113,广东省,440000,韶关市,440200,10.5075746438
743,20030114,广东省,440000,韶关市,440200,12.1800219952
744,20030115,广东省,440000,韶关市,440200,12.2018324534
745,20030116,广东省,440000,韶关市,440200,12.5176710227
746,20030117,广东省,440000,韶关市,440200,13.436743614
747,20030118,广东省,440000,韶关市,440200,14.3920684717
748,20030119,广东省,440000,韶关市,440200,13.9690202077
749,20030120,广东省,440000,韶关市,440200,13.3537018605
750,20030121,广东省,440000,韶关市,440200,14.6210019527
751,20030122,广东省,440000,韶关市,440200,14.9003519401
752,20030123,广东省,440000,韶关市,440200,13.485956192
753,20030124,广东省,440000,韶关市,440200,13.1072500914
754,20030125,广东省,440000,韶关市,440200,14.3525705093
755,20030126,广东省,440000,韶关市,440200,11.041146364
756,20030127,广东省,440000,韶关市,440200,7.70543773358
757,20030128,广东省,440000,韶关市,440200,9.40555672768
758,20030129,广东省,440000,韶关市,440200,12.5116070723
759,20030130,广东省,440000,韶关市,440200,15.6217684134
760,20030131,广东省,440000,韶关市,440200,15.7201344172
761,20030201,广东省,440000,韶关市,440200,8.85539306738
762,20030202,广东省,440000,韶关市,440200,8.54390681096
763,20030203,广东省,440000,韶关市,440200,8.30041682415
764,20030204,广东省,440000,韶关市,440200,9.81564795665
765,20030205,广东省,440000,韶关市,440200,10.5012622491
766,20030206,广东省,440000,韶关市,440200,11.7773045515
767,20030207,广东省,440000,韶关市,440200,12.7768707031
768,20030208,广东省,440000,韶关市,440200,17.136138427
769,20030209,广东省,440000,韶关市,440200,19.0596571702
770,20030210,广东省,440000,韶关市,440200,17.9744245089
771,20030211,广东省,440000,韶关市,440200,10.400199829
772,20030212,广东省,440000,韶关市,440200,6.30999975327
773,20030213,广东省,440000,韶关市,440200,8.23857643665
774,20030214,广东省,440000,韶关市,440200,11.5399279717
775,20030215,广东省,440000,韶关市,440200,13.7852681233
776,20030216,广东省,440000,韶关市,440200,14.1166040469
777,20030217,广东省,440000,韶关市,440200,14.7800879356
778,20030218,广东省,440000,韶关市,440200,17.6352447608
779,20030219,广东省,440000,韶关市,440200,15.5819375209
780,20030220,广东省,440000,韶关市,440200,15.2289623114
781,20030221,广东省,440000,韶关市,440200,17.7345346304
782,20030222,广东省,440000,韶关市,440200,19.9885231409
783,20030223,广东省,440000,韶关市,440200,20.5191701987
784,20030224,广东省,440000,韶关市,440200,18.3782478479
785,20030225,广东省,440000,韶关市,440200,20.819157038
786,20030226,广东省,440000,韶关市,440200,20.5096628972
787,20030227,广东省,440000,韶关市,440200,22.0376844406
788,20030228,广东省,440000,韶关市,440200,21.4530721322
789,20030301,广东省,440000,韶关市,440200,20.918046829
790,20030302,广东省,440000,韶关市,440200,21.9405953823
791,20030303,广东省,440000,韶关市,440200,18.6779110248
792,20030304,广东省,440000,韶关市,440200,11.1403253751
793,20030305,广东省,440000,韶关市,440200,10.3390039909
794,20030306,广东省,440000,韶关市,440200,6.27298652209
795,20030307,广东省,440000,韶关市,440200,8.37044566717
796,20030308,广东省,440000,韶关市,440200,11.2913636428
797,20030309,广东省,440000,韶关市,440200,11.4594465892
798,20030310,广东省,440000,韶关市,440200,13.4645400659
799,20030311,广东省,440000,韶关市,440200,15.7765714939
800,20030312,广东省,440000,韶关市,440200,15.1955948854
801,20030313,广东省,440000,韶关市,440200,16.7210790439
802,20030314,广东省,440000,韶关市,440200,19.5640410888
803,20030315,广东省,440000,韶关市,440200,20.1087083572
804,20030316,广东省,440000,韶关市,440200,22.3394970283
805,20030317,广东省,440000,韶关市,440200,18.0328386502
806,20030318,广东省,440000,韶关市,440200,10.3667421952
807,20030319,广东省,440000,韶关市,440200,9.22223213391
808,20030320,广东省,440000,韶关市,440200,10.2218194619
809,20030321,广东省,440000,韶关市,440200,14.5900954711
810,20030322,广东省,440000,韶关市,440200,15.7558642412
811,20030323,广东省,440000,韶关市,440200,14.5385654401
812,20030324,广东省,440000,韶关市,440200,17.0950965881
813,20030325,广东省,440000,韶关市,440200,20.3482485062
814,20030326,广东省,440000,韶关市,440200,22.8556457422
815,20030327,广东省,440000,韶关市,440200,21.4282596784
816,20030328,广东省,440000,韶关市,440200,19.2462041317
817,20030329,广东省,440000,韶关市,440200,20.4536952483
818,20030330,广东省,440000,韶关市,440200,21.6372854771
819,20030331,广东省,440000,韶关市,440200,23.0135697096
820,20030401,广东省,440000,韶关市,440200,25.8006411332
821,20030402,广东省,440000,韶关市,440200,23.4037724519
822,20030403,广东省,440000,韶关市,440200,17.9636308719
823,20030404,广东省,440000,韶关市,440200,15.6229803134
824,20030405,广东省,440000,韶关市,440200,17.4315308057
825,20030406,广东省,440000,韶关市,440200,17.4347547384
826,20030407,广东省,440000,韶关市,440200,18.2838498629
827,20030408,广东省,440000,韶关市,440200,21.1726442484
828,20030409,广东省,440000,韶关市,440200,18.3187696506
829,20030410,广东省,440000,韶关市,440200,19.4244698255
830,20030411,广东省,440000,韶关市,440200,21.6370652517
831,20030412,广东省,440000,韶关市,440200,23.5188398606
832,20030413,广东省,440000,韶关市,440200,19.1114698312
833,20030414,广东省,440000,韶关市,440200,16.8488480984
834,20030415,广东省,440000,韶关市,440200,20.7846893408
835,20030416,广东省,440000,韶关市,440200,21.308073484
836,20030417,广东省,440000,韶关市,440200,24.9773910229
837,20030418,广东省,440000,韶关市,440200,25.0944006993
838,20030419,广东省,440000,韶关市,440200,23.4185350369
839,20030420,广东省,440000,韶关市,440200,23.2179473486
840,20030421,广东省,440000,韶关市,440200,24.2419855656
841,20030422,广东省,440000,韶关市,440200,25.5777578109
842,20030423,广东省,440000,韶关市,440200,25.6219224196
843,20030424,广东省,440000,韶关市,440200,22.9619266314
844,20030425,广东省,440000,韶关市,440200,22.4186226771
845,20030426,广东省,440000,韶关市,440200,25.0629488138
846,20030427,广东省,440000,韶关市,440200,26.4784065149
847,20030428,广东省,440000,韶关市,440200,26.9625821725
848,20030429,广东省,440000,韶关市,440200,24.9583923633
849,20030430,广东省,440000,韶关市,440200,22.1383238572
850,20030501,广东省,440000,韶关市,440200,23.1544810564
851,20030502,广东省,440000,韶关市,440200,23.953477077
852,20030503,广东省,440000,韶关市,440200,24.2301959991
853,20030504,广东省,440000,韶关市,440200,23.079657628
854,20030505,广东省,440000,韶关市,440200,26.2567901611
855,20030506,广东省,440000,韶关市,440200,28.4580753033
856,20030507,广东省,440000,韶关市,440200,26.1692936726
857,20030508,广东省,440000,韶关市,440200,23.6935618474
858,20030509,广东省,440000,韶关市,440200,24.7202722109
859,20030510,广东省,440000,韶关市,440200,24.7408056993
860,20030511,广东省,440000,韶关市,440200,25.5793321072
861,20030512,广东省,440000,韶关市,440200,26.8446674347
862,20030513,广东省,440000,韶关市,440200,26.2249112741
863,20030514,广东省,440000,韶关市,440200,25.0282293955
864,20030515,广东省,440000,韶关市,440200,24.3861037523
865,20030516,广东省,440000,韶关市,440200,25.948140609
866,20030517,广东省,440000,韶关市,440200,22.949524317
867,20030518,广东省,440000,韶关市,440200,22.019176043
868,20030519,广东省,440000,韶关市,440200,24.712837855
869,20030520,广东省,440000,韶关市,440200,26.473352579
870,20030521,广东省,440000,韶关市,440200,27.4520545862
871,20030522,广东省,440000,韶关市,440200,25.7671228066
872,20030523,广东省,440000,韶关市,440200,26.7588881468
873,20030524,广东省,440000,韶关市,440200,24.3095527551
874,20030525,广东省,440000,韶关市,440200,25.518133897
875,20030526,广东省,440000,韶关市,440200,26.4963550568
876,20030527,广东省,440000,韶关市,440200,27.1046365591
877,20030528,广东省,440000,韶关市,440200,26.3066517757
878,20030529,广东省,440000,韶关市,440200,25.5386887575
879,20030530,广东省,440000,韶关市,440200,27.1641273988
880,20030531,广东省,440000,韶关市,440200,27.1704940796
881,20030601,广东省,440000,韶关市,440200,27.2530065683
882,20030602,广东省,440000,韶关市,440200,27.6117269076
883,20030603,广东省,440000,韶关市,440200,26.2830312191
884,20030604,广东省,440000,韶关市,440200,27.9944606683
885,20030605,广东省,440000,韶关市,440200,25.7559843797
886,20030606,广东省,440000,韶关市,440200,23.6341880896
887,20030607,广东省,440000,韶关市,440200,24.528720709
888,20030608,广东省,440000,韶关市,440200,26.9466784062
889,20030609,广东省,440000,韶关市,440200,25.4923242911
890,20030610,广东省,440000,韶关市,440200,25.5767969963
891,20030611,广东省,440000,韶关市,440200,24.8827775319
892,20030612,广东省,440000,韶关市,440200,24.0758825449
893,20030613,广东省,440000,韶关市,440200,24.2172686259
894,20030614,广东省,440000,韶关市,440200,23.2751966623
895,20030615,广东省,440000,韶关市,440200,24.9979051932
896,20030616,广东省,440000,韶关市,440200,26.1427134978
897,20030617,广东省,440000,韶关市,440200,27.2795252189
898,20030618,广东省,440000,韶关市,440200,28.2222212767
899,20030619,广东省,440000,韶关市,440200,28.642353009
900,20030620,广东省,440000,韶关市,440200,29.1092133644
901,20030621,广东省,440000,韶关市,440200,27.1010267796
902,20030622,广东省,440000,韶关市,440200,26.9277994205
903,20030623,广东省,440000,韶关市,440200,29.0775503012
904,20030624,广东省,440000,韶关市,440200,29.5367704049
905,20030625,广东省,440000,韶关市,440200,29.0142894647
906,20030626,广东省,440000,韶关市,440200,27.656996458
907,20030627,广东省,440000,韶关市,440200,25.8096215664
908,20030628,广东省,440000,韶关市,440200,26.6689444811
909,20030629,广东省,440000,韶关市,440200,27.9429468497
910,20030630,广东省,440000,韶关市,440200,29.4013041472
911,20030701,广东省,440000,韶关市,440200,29.8987621405
912,20030702,广东省,440000,韶关市,440200,30.0084191836
913,20030703,广东省,440000,韶关市,440200,30.3199174343
914,20030704,广东省,440000,韶关市,440200,30.5896198077
915,20030705,广东省,440000,韶关市,440200,30.4886081402
916,20030706,广东省,440000,韶关市,440200,30.103597103
917,20030707,广东省,440000,韶关市,440200,30.5529435965
918,20030708,广东省,440000,韶关市,440200,30.8136595702
919,20030709,广东省,440000,韶关市,440200,30.6230278504
920,20030710,广东省,440000,韶关市,440200,30.2893591661
921,20030711,广东省,440000,韶关市,440200,29.1549587739
922,20030712,广东省,440000,韶关市,440200,30.183468892
923,20030713,广东省,440000,韶关市,440200,30.8265881172
924,20030714,广东省,440000,韶关市,440200,31.6275534018
925,20030715,广东省,440000,韶关市,440200,32.0969438308
926,20030716,广东省,440000,韶关市,440200,32.2003696637
927,20030717,广东省,440000,韶关市,440200,31.7431746263
928,20030718,广东省,440000,韶关市,440200,31.2315911513
929,20030719,广东省,440000,韶关市,440200,31.2155696184
930,20030720,广东省,440000,韶关市,440200,29.6263761765
931,20030721,广东省,440000,韶关市,440200,28.9958333236
932,20030722,广东省,440000,韶关市,440200,30.9159271534
933,20030723,广东省,440000,韶关市,440200,32.2807693481
934,20030724,广东省,440000,韶关市,440200,28.2454587007
935,20030725,广东省,440000,韶关市,440200,28.7292848734
936,20030726,广东省,440000,韶关市,440200,30.0306660579
937,20030727,广东省,440000,韶关市,440200,31.08702821
938,20030728,广东省,440000,韶关市,440200,30.6704326043
939,20030729,广东省,440000,韶关市,440200,31.0787091867
940,20030730,广东省,440000,韶关市,440200,31.588124104
941,20030731,广东省,440000,韶关市,440200,32.0791569734
942,20030801,广东省,440000,韶关市,440200,31.9207522074
943,20030802,广东省,440000,韶关市,440200,32.2755504999
944,20030803,广东省,440000,韶关市,440200,31.9161866017
945,20030804,广东省,440000,韶关市,440200,30.3168871953
946,20030805,广东省,440000,韶关市,440200,28.0693853329
947,20030806,广东省,440000,韶关市,440200,27.0890650138
948,20030807,广东省,440000,韶关市,440200,28.2379684448
949,20030808,广东省,440000,韶关市,440200,29.8740497491
950,20030809,广东省,440000,韶关市,440200,31.1695123819
951,20030810,广东省,440000,韶关市,440200,31.5419651423
952,20030811,广东省,440000,韶关市,440200,31.1177284534
953,20030812,广东省,440000,韶关市,440200,27.8347601768
954,20030813,广东省,440000,韶关市,440200,27.7346009475
955,20030814,广东省,440000,韶关市,440200,28.2797930791
956,20030815,广东省,440000,韶关市,440200,27.6303094228
957,20030816,广东省,440000,韶关市,440200,26.9724124028
958,20030817,广东省,440000,韶关市,440200,26.9132388188
959,20030818,广东省,440000,韶关市,440200,26.9484117459
960,20030819,广东省,440000,韶关市,440200,28.1249197446
961,20030820,广东省,440000,韶关市,440200,27.4447419582
962,20030821,广东省,440000,韶关市,440200,27.0724567022
963,20030822,广东省,440000,韶关市,440200,27.5136992137
964,20030823,广东省,440000,韶关市,440200,29.7149033669
965,20030824,广东省,440000,韶关市,440200,29.9382112454
966,20030825,广东省,440000,韶关市,440200,26.8831467262
967,20030826,广东省,440000,韶关市,440200,28.1445717934
968,20030827,广东省,440000,韶关市,440200,28.967790408
969,20030828,广东省,440000,韶关市,440200,29.6529104282
970,20030829,广东省,440000,韶关市,440200,29.4847072699
971,20030830,广东省,440000,韶关市,440200,29.3821461506
972,20030831,广东省,440000,韶关市,440200,29.8325466743
973,20030901,广东省,440000,韶关市,440200,28.4439505553
974,20030902,广东省,440000,韶关市,440200,25.9092526069
975,20030903,广东省,440000,韶关市,440200,25.8081583854
976,20030904,广东省,440000,韶关市,440200,26.6458384685
977,20030905,广东省,440000,韶关市,440200,28.1948896555
978,20030906,广东省,440000,韶关市,440200,27.768340233
979,20030907,广东省,440000,韶关市,440200,27.4970185206
980,20030908,广东省,440000,韶关市,440200,27.3934317858
981,20030909,广东省,440000,韶关市,440200,28.7901708652
982,20030910,广东省,440000,韶关市,440200,26.8918482952
983,20030911,广东省,440000,韶关市,440200,26.1645202148
984,20030912,广东省,440000,韶关市,440200,26.7095896892
985,20030913,广东省,440000,韶关市,440200,27.8286344577
986,20030914,广东省,440000,韶关市,440200,26.2821344718
987,20030915,广东省,440000,韶关市,440200,24.969325628
988,20030916,广东省,440000,韶关市,440200,25.9731448247
989,20030917,广东省,440000,韶关市,440200,27.339923125
990,20030918,广东省,440000,韶关市,440200,28.5698802655
991,20030919,广东省,440000,韶关市,440200,29.0236206055
992,20030920,广东省,440000,韶关市,440200,26.3054035382
993,20030921,广东省,440000,韶关市,440200,22.1254430918
994,20030922,广东省,440000,韶关市,440200,22.4576709943
995,20030923,广东省,440000,韶关市,440200,22.206709495
996,20030924,广东省,440000,韶关市,440200,24.342825425
997,20030925,广东省,440000,韶关市,440200,25.3904508444
998,20030926,广东省,440000,韶关市,440200,26.1889762389
999,20030927,广东省,440000,韶关市,440200,26.5592917418
1000,20030928,广东省,440000,韶关市,440200,27.5895006229
1001,20030929,广东省,440000,韶关市,440200,26.5188207382
1002,20030930,广东省,440000,韶关市,440200,26.8272607754
1003,20031001,广东省,440000,韶关市,440200,27.2882197942
1004,20031002,广东省,440000,韶关市,440200,26.5490439488
1005,20031003,广东省,440000,韶关市,440200,22.131388542
1006,20031004,广东省,440000,韶关市,440200,21.3633158757
1007,20031005,广东省,440000,韶关市,440200,22.0064466917
1008,20031006,广东省,440000,韶关市,440200,20.366340735
1009,20031007,广东省,440000,韶关市,440200,20.3257114215
1010,20031008,广东省,440000,韶关市,440200,23.2763908582
1011,20031009,广东省,440000,韶关市,440200,25.6340516897
1012,20031010,广东省,440000,韶关市,440200,26.7502090258
1013,20031011,广东省,440000,韶关市,440200,26.4868247692
1014,20031012,广东省,440000,韶关市,440200,25.7708243346
1015,20031013,广东省,440000,韶关市,440200,17.5102761587
1016,20031014,广东省,440000,韶关市,440200,16.1412577507
1017,20031015,广东省,440000,韶关市,440200,19.3869362856
1018,20031016,广东省,440000,韶关市,440200,19.6785354125
1019,20031017,广东省,440000,韶关市,440200,20.0901927459
1020,20031018,广东省,440000,韶关市,440200,20.0347106151
1021,20031019,广东省,440000,韶关市,440200,20.0620167561
1022,20031020,广东省,440000,韶关市,440200,20.6597966414
1023,20031021,广东省,440000,韶关市,440200,20.3209851583
1024,20031022,广东省,440000,韶关市,440200,21.1866874206
1025,20031023,广东省,440000,韶关市,440200,19.7958976061
1026,20031024,广东省,440000,韶关市,440200,19.4993422093
1027,20031025,广东省,440000,韶关市,440200,20.2191626231
1028,20031026,广东省,440000,韶关市,440200,21.4914148771
1029,20031027,广东省,440000,韶关市,440200,19.7725990491
1030,20031028,广东省,440000,韶关市,440200,20.913448187
1031,20031029,广东省,440000,韶关市,440200,21.8507108444
1032,20031030,广东省,440000,韶关市,440200,21.8609770261
1033,20031031,广东省,440000,韶关市,440200,21.3866157532
1034,20031101,广东省,440000,韶关市,440200,21.8855061164
1035,20031102,广东省,440000,韶关市,440200,22.1982018886
1036,20031103,广东省,440000,韶关市,440200,22.373309111
1037,20031104,广东省,440000,韶关市,440200,21.6750028072
1038,20031105,广东省,440000,韶关市,440200,22.3669366103
1039,20031106,广东省,440000,韶关市,440200,23.1572143848
1040,20031107,广东省,440000,韶关市,440200,24.0445800683
1041,20031108,广东省,440000,韶关市,440200,18.6785564912
1042,20031109,广东省,440000,韶关市,440200,13.3262142279
1043,20031110,广东省,440000,韶关市,440200,10.63894388
1044,20031111,广东省,440000,韶关市,440200,10.7773124255
1045,20031112,广东省,440000,韶关市,440200,11.6198284932
1046,20031113,广东省,440000,韶关市,440200,14.0910490232
1047,20031114,广东省,440000,韶关市,440200,17.784867898
1048,20031115,广东省,440000,韶关市,440200,20.1305429997
1049,20031116,广东省,440000,韶关市,440200,21.3107037667
1050,20031117,广东省,440000,韶关市,440200,20.0017839089
1051,20031118,广东省,440000,韶关市,440200,20.5908606114
1052,20031119,广东省,440000,韶关市,440200,22.390976539
1053,20031120,广东省,440000,韶关市,440200,18.8879732474
1054,20031121,广东省,440000,韶关市,440200,14.8766395618
1055,20031122,广东省,440000,韶关市,440200,14.716271914
1056,20031123,广东省,440000,韶关市,440200,16.2389376225
1057,20031124,广东省,440000,韶关市,440200,18.3158580584
1058,20031125,广东省,440000,韶关市,440200,18.1207188093
1059,20031126,广东省,440000,韶关市,440200,17.5107340446
1060,20031127,广东省,440000,韶关市,440200,13.9993370741
1061,20031128,广东省,440000,韶关市,440200,13.3603312664
1062,20031129,广东省,440000,韶关市,440200,11.2450713622
1063,20031130,广东省,440000,韶关市,440200,10.7281458684
1064,20031201,广东省,440000,韶关市,440200,11.9117994064
1065,20031202,广东省,440000,韶关市,440200,13.0287237167
1066,20031203,广东省,440000,韶关市,440200,12.8984601437
1067,20031204,广东省,440000,韶关市,440200,14.0317666469
1068,20031205,广东省,440000,韶关市,440200,15.5675929387
1069,20031206,广东省,440000,韶关市,440200,14.7686604964
1070,20031207,广东省,440000,韶关市,440200,12.4950115008
1071,20031208,广东省,440000,韶关市,440200,11.8744563812
1072,20031209,广东省,440000,韶关市,440200,10.6841575427
1073,20031210,广东省,440000,韶关市,440200,9.95757510112
1074,20031211,广东省,440000,韶关市,440200,9.38635921478
1075,20031212,广东省,440000,韶关市,440200,9.31315683707
1076,20031213,广东省,440000,韶关市,440200,9.15138462262
1077,20031214,广东省,440000,韶关市,440200,9.33121972206
1078,20031215,广东省,440000,韶关市,440200,9.11675873781
1079,20031216,广东省,440000,韶关市,440200,9.45829159174
1080,20031217,广东省,440000,韶关市,440200,10.2217165018
1081,20031218,广东省,440000,韶关市,440200,10.8591253819
1082,20031219,广东省,440000,韶关市,440200,8.45182567988
1083,20031220,广东省,440000,韶关市,440200,6.97830822529
1084,20031221,广东省,440000,韶关市,440200,8.24428818776
1085,20031222,广东省,440000,韶关市,440200,10.1179834757
1086,20031223,广东省,440000,韶关市,440200,11.6387870984
1087,20031224,广东省,440000,韶关市,440200,13.4810462609
1088,20031225,广东省,440000,韶关市,440200,15.443395688
1089,20031226,广东省,440000,韶关市,440200,11.5066048549
1090,20031227,广东省,440000,韶关市,440200,8.59976879756
1091,20031228,广东省,440000,韶关市,440200,10.068217791
1092,20031229,广东省,440000,韶关市,440200,12.1601884304
1093,20031230,广东省,440000,韶关市,440200,14.4569425094
1094,20031231,广东省,440000,韶关市,440200,13.2914121579
1095,20040101,广东省,440000,韶关市,440200,13.7830441793
1096,20040102,广东省,440000,韶关市,440200,12.1650158075
1097,20040103,广东省,440000,韶关市,440200,13.7219220919
1098,20040104,广东省,440000,韶关市,440200,15.7041619863
1099,20040105,广东省,440000,韶关市,440200,16.1750817421
1100,20040106,广东省,440000,韶关市,440200,14.8737864861
1101,20040107,广东省,440000,韶关市,440200,14.4010907198
1102,20040108,广东省,440000,韶关市,440200,14.8929902101
1103,20040109,广东省,440000,韶关市,440200,15.0863068899
1104,20040110,广东省,440000,韶关市,440200,14.4518800882
1105,20040111,广东省,440000,韶关市,440200,9.58492073646
1106,20040112,广东省,440000,韶关市,440200,8.40680457384
1107,20040113,广东省,440000,韶关市,440200,9.46124482766
1108,20040114,广东省,440000,韶关市,440200,12.4367162509
1109,20040115,广东省,440000,韶关市,440200,14.2355078184
1110,20040116,广东省,440000,韶关市,440200,9.52523980997
1111,20040117,广东省,440000,韶关市,440200,9.51340835522
1112,20040118,广东省,440000,韶关市,440200,7.08943876853
1113,20040119,广东省,440000,韶关市,440200,5.79259203642
1114,20040120,广东省,440000,韶关市,440200,3.72627219481
1115,20040121,广东省,440000,韶关市,440200,5.27712538915
1116,20040122,广东省,440000,韶关市,440200,6.88051018348
1117,20040123,广东省,440000,韶关市,440200,4.38914494637
1118,20040124,广东省,440000,韶关市,440200,5.99035700774
1119,20040125,广东省,440000,韶关市,440200,6.97888068664
1120,20040126,广东省,440000,韶关市,440200,7.65749198962
1121,20040127,广东省,440000,韶关市,440200,6.10426719983
1122,20040128,广东省,440000,韶关市,440200,5.43765247785
1123,20040129,广东省,440000,韶关市,440200,8.39186455653
1124,20040130,广东省,440000,韶关市,440200,12.3747015733
1125,20040131,广东省,440000,韶关市,440200,12.9744363687
1126,20040201,广东省,440000,韶关市,440200,13.5728086814
1127,20040202,广东省,440000,韶关市,440200,8.54977583274
1128,20040203,广东省,440000,韶关市,440200,4.88987603554
1129,20040204,广东省,440000,韶关市,440200,4.09573670534
1130,20040205,广东省,440000,韶关市,440200,8.82217308191
1131,20040206,广东省,440000,韶关市,440200,10.801371501
1132,20040207,广东省,440000,韶关市,440200,4.96029457679
1133,20040208,广东省,440000,韶关市,440200,5.41295800454
1134,20040209,广东省,440000,韶关市,440200,8.36057379307
1135,20040210,广东省,440000,韶关市,440200,10.9209804046
1136,20040211,广东省,440000,韶关市,440200,14.2500883005
1137,20040212,广东省,440000,韶关市,440200,14.8367325465
1138,20040213,广东省,440000,韶关市,440200,13.7782981824
1139,20040214,广东省,440000,韶关市,440200,14.0427488669
1140,20040215,广东省,440000,韶关市,440200,15.2079736025
1141,20040216,广东省,440000,韶关市,440200,17.2296613791
1142,20040217,广东省,440000,韶关市,440200,17.4290874677
1143,20040218,广东省,440000,韶关市,440200,16.5983753204
1144,20040219,广东省,440000,韶关市,440200,19.0584232135
1145,20040220,广东省,440000,韶关市,440200,20.4860149286
1146,20040221,广东省,440000,韶关市,440200,20.816689369
1147,20040222,广东省,440000,韶关市,440200,18.487138846
1148,20040223,广东省,440000,韶关市,440200,17.5427301113
1149,20040224,广东省,440000,韶关市,440200,14.2760652395
1150,20040225,广东省,440000,韶关市,440200,15.9677348993
1151,20040226,广东省,440000,韶关市,440200,18.1428775787
1152,20040227,广东省,440000,韶关市,440200,19.6900389256
1153,20040228,广东省,440000,韶关市,440200,20.7932415498
1154,20040229,广东省,440000,韶关市,440200,20.4470072037
1155,20040301,广东省,440000,韶关市,440200,13.0519324327
1156,20040302,广东省,440000,韶关市,440200,9.48884515273
1157,20040303,广东省,440000,韶关市,440200,11.1367389728
1158,20040304,广东省,440000,韶关市,440200,11.6443259655
1159,20040305,广东省,440000,韶关市,440200,15.1675140919
1160,20040306,广东省,440000,韶关市,440200,17.0938316736
1161,20040307,广东省,440000,韶关市,440200,14.9149881999
1162,20040308,广东省,440000,韶关市,440200,14.5867596895
1163,20040309,广东省,440000,韶关市,440200,18.0723534608
1164,20040310,广东省,440000,韶关市,440200,21.0698936658
1165,20040311,广东省,440000,韶关市,440200,21.3562500783
1166,20040312,广东省,440000,韶关市,440200,15.6577375363
1167,20040313,广东省,440000,韶关市,440200,15.1978635299
1168,20040314,广东省,440000,韶关市,440200,15.9083374464
1169,20040315,广东省,440000,韶关市,440200,20.8428370158
1170,20040316,广东省,440000,韶关市,440200,20.1863028208
1171,20040317,广东省,440000,韶关市,440200,21.0067851727
1172,20040318,广东省,440000,韶关市,440200,15.6778063407
1173,20040319,广东省,440000,韶关市,440200,14.4957360977
1174,20040320,广东省,440000,韶关市,440200,15.5065706693
1175,20040321,广东省,440000,韶关市,440200,13.0171088439
1176,20040322,广东省,440000,韶关市,440200,13.3672280434
1177,20040323,广东省,440000,韶关市,440200,11.3736170011
1178,20040324,广东省,440000,韶关市,440200,12.2014101713
1179,20040325,广东省,440000,韶关市,440200,11.8003768432
1180,20040326,广东省,440000,韶关市,440200,12.2648287798
1181,20040327,广东省,440000,韶关市,440200,13.3461450919
1182,20040328,广东省,440000,韶关市,440200,14.8126787283
1183,20040329,广东省,440000,韶关市,440200,15.4583129394
1184,20040330,广东省,440000,韶关市,440200,17.6652760628
1185,20040331,广东省,440000,韶关市,440200,17.5192763011
1186,20040401,广东省,440000,韶关市,440200,17.5334514716
1187,20040402,广东省,440000,韶关市,440200,19.2423198407
1188,20040403,广东省,440000,韶关市,440200,20.8201563419
1189,20040404,广东省,440000,韶关市,440200,20.787111478
1190,20040405,广东省,440000,韶关市,440200,21.0675829863
1191,20040406,广东省,440000,韶关市,440200,19.9111837729
1192,20040407,广东省,440000,韶关市,440200,16.8449764496
1193,20040408,广东省,440000,韶关市,440200,15.2999780851
1194,20040409,广东省,440000,韶关市,440200,19.0730243096
1195,20040410,广东省,440000,韶关市,440200,20.8113357348
1196,20040411,广东省,440000,韶关市,440200,22.9712061271
1197,20040412,广东省,440000,韶关市,440200,23.9751164852
1198,20040413,广东省,440000,韶关市,440200,23.9000263703
1199,20040414,广东省,440000,韶关市,440200,21.2555089608
1200,20040415,广东省,440000,韶关市,440200,20.0887077038
1201,20040416,广东省,440000,韶关市,440200,19.9813523904
1202,20040417,广东省,440000,韶关市,440200,20.335906689
1203,20040418,广东省,440000,韶关市,440200,22.7993752406
1204,20040419,广东省,440000,韶关市,440200,24.4085944738
1205,20040420,广东省,440000,韶关市,440200,26.8169716077
1206,20040421,广东省,440000,韶关市,440200,27.2486476409
1207,20040422,广东省,440000,韶关市,440200,27.6856822968
1208,20040423,广东省,440000,韶关市,440200,27.6308070452
1209,20040424,广东省,440000,韶关市,440200,22.2161570329
1210,20040425,广东省,440000,韶关市,440200,24.3215737954
1211,20040426,广东省,440000,韶关市,440200,23.3632672628
1212,20040427,广东省,440000,韶关市,440200,23.8793477768
1213,20040428,广东省,440000,韶关市,440200,25.6145139841
1214,20040429,广东省,440000,韶关市,440200,25.1022682679
1215,20040430,广东省,440000,韶关市,440200,25.6323527312
1216,20040501,广东省,440000,韶关市,440200,26.1485739977
1217,20040502,广东省,440000,韶关市,440200,27.3584481753
1218,20040503,广东省,440000,韶关市,440200,23.5445731725
1219,20040504,广东省,440000,韶关市,440200,17.0246262428
1220,20040505,广东省,440000,韶关市,440200,20.8600450662
1221,20040506,广东省,440000,韶关市,440200,19.6463895944
1222,20040507,广东省,440000,韶关市,440200,18.7662049318
1223,20040508,广东省,440000,韶关市,440200,21.0588572575
1224,20040509,广东省,440000,韶关市,440200,24.4903907287
1225,20040510,广东省,440000,韶关市,440200,27.5783848885
1226,20040511,广东省,440000,韶关市,440200,28.6364772014
1227,20040512,广东省,440000,韶关市,440200,25.7621053549
1228,20040513,广东省,440000,韶关市,440200,23.2430351453
1229,20040514,广东省,440000,韶关市,440200,24.3196538289
1230,20040515,广东省,440000,韶关市,440200,26.3598834307
1231,20040516,广东省,440000,韶关市,440200,22.1065524175
1232,20040517,广东省,440000,韶关市,440200,20.5510725364
1233,20040518,广东省,440000,韶关市,440200,22.1882936038
1234,20040519,广东省,440000,韶关市,440200,20.7575811239
1235,20040520,广东省,440000,韶关市,440200,23.6872725364
1236,20040521,广东省,440000,韶关市,440200,22.3496640523
1237,20040522,广东省,440000,韶关市,440200,25.394041795
1238,20040523,广东省,440000,韶关市,440200,27.2609371772
1239,20040524,广东省,440000,韶关市,440200,27.665057109
1240,20040525,广东省,440000,韶关市,440200,28.4489882053
1241,20040526,广东省,440000,韶关市,440200,28.8919267899
1242,20040527,广东省,440000,韶关市,440200,28.3139306093
1243,20040528,广东省,440000,韶关市,440200,28.2242954939
1244,20040529,广东省,440000,韶关市,440200,27.5580357283
1245,20040530,广东省,440000,韶关市,440200,25.6727858323
1246,20040531,广东省,440000,韶关市,440200,23.499933145
1247,20040601,广东省,440000,韶关市,440200,24.5627350929
1248,20040602,广东省,440000,韶关市,440200,27.1403393868
1249,20040603,广东省,440000,韶关市,440200,27.2942347404
1250,20040604,广东省,440000,韶关市,440200,28.3463586661
1251,20040605,广东省,440000,韶关市,440200,25.4586612995
1252,20040606,广东省,440000,韶关市,440200,23.3304381737
1253,20040607,广东省,440000,韶关市,440200,24.4422350663
1254,20040608,广东省,440000,韶关市,440200,26.367883829
1255,20040609,广东省,440000,韶关市,440200,26.8294148567
1256,20040610,广东省,440000,韶关市,440200,26.9754010225
1257,20040611,广东省,440000,韶关市,440200,27.6411351424
1258,20040612,广东省,440000,韶关市,440200,28.3909682738
1259,20040613,广东省,440000,韶关市,440200,28.2595235384
1260,20040614,广东省,440000,韶关市,440200,28.8176644643
1261,20040615,广东省,440000,韶关市,440200,28.2091715886
1262,20040616,广东省,440000,韶关市,440200,24.415043513
1263,20040617,广东省,440000,韶关市,440200,26.9807207156
1264,20040618,广东省,440000,韶关市,440200,29.3555614276
1265,20040619,广东省,440000,韶关市,440200,28.1747805767
1266,20040620,广东省,440000,韶关市,440200,26.7878942734
1267,20040621,广东省,440000,韶关市,440200,26.700280703
1268,20040622,广东省,440000,韶关市,440200,27.8653052892
1269,20040623,广东省,440000,韶关市,440200,28.3145734347
1270,20040624,广东省,440000,韶关市,440200,29.5931214064
1271,20040625,广东省,440000,韶关市,440200,29.6330900437
1272,20040626,广东省,440000,韶关市,440200,30.6424134572
1273,20040627,广东省,440000,韶关市,440200,30.9507195888
1274,20040628,广东省,440000,韶关市,440200,30.9115506197
1275,20040629,广东省,440000,韶关市,440200,30.8703953181
1276,20040630,广东省,440000,韶关市,440200,31.5105636303
1277,20040701,广东省,440000,韶关市,440200,31.7214779487
1278,20040702,广东省,440000,韶关市,440200,29.42522181
1279,20040703,广东省,440000,韶关市,440200,30.7839044424
1280,20040704,广东省,440000,韶关市,440200,28.835696685
1281,20040705,广东省,440000,韶关市,440200,28.1519220792
1282,20040706,广东省,440000,韶关市,440200,27.6123051277
1283,20040707,广东省,440000,韶关市,440200,27.1787117689
1284,20040708,广东省,440000,韶关市,440200,26.6610788199
1285,20040709,广东省,440000,韶关市,440200,28.0756589449
1286,20040710,广东省,440000,韶关市,440200,28.5097041008
1287,20040711,广东省,440000,韶关市,440200,27.2291510655
1288,20040712,广东省,440000,韶关市,440200,24.9612205701
1289,20040713,广东省,440000,韶关市,440200,25.2980009715
1290,20040714,广东省,440000,韶关市,440200,27.3944416535
1291,20040715,广东省,440000,韶关市,440200,29.3041114807
1292,20040716,广东省,440000,韶关市,440200,28.0551475134
1293,20040717,广东省,440000,韶关市,440200,27.1785015693
1294,20040718,广东省,440000,韶关市,440200,28.3573887165
1295,20040719,广东省,440000,韶关市,440200,28.3285236359
1296,20040720,广东省,440000,韶关市,440200,26.9485020271
1297,20040721,广东省,440000,韶关市,440200,27.0724596366
1298,20040722,广东省,440000,韶关市,440200,29.0897129744
1299,20040723,广东省,440000,韶关市,440200,29.4844556955
1300,20040724,广东省,440000,韶关市,440200,29.4513890682
1301,20040725,广东省,440000,韶关市,440200,29.6989463415
1302,20040726,广东省,440000,韶关市,440200,30.0629615295
1303,20040727,广东省,440000,韶关市,440200,27.7881859999
1304,20040728,广东省,440000,韶关市,440200,26.5725563245
1305,20040729,广东省,440000,韶关市,440200,26.2326776064
1306,20040730,广东省,440000,韶关市,440200,25.9414700728
1307,20040731,广东省,440000,韶关市,440200,27.5192437783
1308,20040801,广东省,440000,韶关市,440200,29.5446140094
1309,20040802,广东省,440000,韶关市,440200,30.1659021622
1310,20040803,广东省,440000,韶关市,440200,29.8491154695
1311,20040804,广东省,440000,韶关市,440200,27.2941800142
1312,20040805,广东省,440000,韶关市,440200,26.8123230078
1313,20040806,广东省,440000,韶关市,440200,27.5049991119
1314,20040807,广东省,440000,韶关市,440200,29.2337273818
1315,20040808,广东省,440000,韶关市,440200,30.4965828138
1316,20040809,广东省,440000,韶关市,440200,30.8068987528
1317,20040810,广东省,440000,韶关市,440200,31.5856346228
1318,20040811,广东省,440000,韶关市,440200,28.1450865819
1319,20040812,广东省,440000,韶关市,440200,28.7188653212
1320,20040813,广东省,440000,韶关市,440200,29.1012977209
1321,20040814,广东省,440000,韶关市,440200,27.8081365243
1322,20040815,广东省,440000,韶关市,440200,27.6163118803
1323,20040816,广东省,440000,韶关市,440200,28.8332677988
1324,20040817,广东省,440000,韶关市,440200,30.0802910145
1325,20040818,广东省,440000,韶关市,440200,29.1608775701
1326,20040819,广东省,440000,韶关市,440200,29.0748355572
1327,20040820,广东省,440000,韶关市,440200,27.8310299409
1328,20040821,广东省,440000,韶关市,440200,27.671504632
1329,20040822,广东省,440000,韶关市,440200,27.7436107733
1330,20040823,广东省,440000,韶关市,440200,28.4455103752
1331,20040824,广东省,440000,韶关市,440200,28.8673357352
1332,20040825,广东省,440000,韶关市,440200,29.5363490276
1333,20040826,广东省,440000,韶关市,440200,26.2981879895
1334,20040827,广东省,440000,韶关市,440200,26.80341031
1335,20040828,广东省,440000,韶关市,440200,27.2423423376
1336,20040829,广东省,440000,韶关市,440200,26.9111392681
1337,20040830,广东省,440000,韶关市,440200,26.9160712805
1338,20040831,广东省,440000,韶关市,440200,28.1133707976
1339,20040901,广东省,440000,韶关市,440200,28.9035891998
1340,20040902,广东省,440000,韶关市,440200,29.2819131704
1341,20040903,广东省,440000,韶关市,440200,29.6718290769
1342,20040904,广东省,440000,韶关市,440200,30.0726508605
1343,20040905,广东省,440000,韶关市,440200,28.7137689346
1344,20040906,广东省,440000,韶关市,440200,28.4612250206
1345,20040907,广东省,440000,韶关市,440200,27.9192231985
1346,20040908,广东省,440000,韶关市,440200,23.8515550173
1347,20040909,广东省,440000,韶关市,440200,21.7932702578
1348,20040910,广东省,440000,韶关市,440200,23.39478615
1349,20040911,广东省,440000,韶关市,440200,23.949569262
1350,20040912,广东省,440000,韶关市,440200,24.4492869744
1351,20040913,广东省,440000,韶关市,440200,24.0540901575
1352,20040914,广东省,440000,韶关市,440200,25.1706629533
1353,20040915,广东省,440000,韶关市,440200,26.2691047864
1354,20040916,广东省,440000,韶关市,440200,27.6468341534
1355,20040917,广东省,440000,韶关市,440200,27.8301727588
1356,20040918,广东省,440000,韶关市,440200,26.595044943
1357,20040919,广东省,440000,韶关市,440200,27.9363640516
1358,20040920,广东省,440000,韶关市,440200,28.1277845334
1359,20040921,广东省,440000,韶关市,440200,25.2938184005
1360,20040922,广东省,440000,韶关市,440200,23.9457864028
1361,20040923,广东省,440000,韶关市,440200,24.648855405
1362,20040924,广东省,440000,韶关市,440200,25.4339984992
1363,20040925,广东省,440000,韶关市,440200,25.5477717962
1364,20040926,广东省,440000,韶关市,440200,25.1894709758
1365,20040927,广东省,440000,韶关市,440200,25.5424903478
1366,20040928,广东省,440000,韶关市,440200,26.6954902258
1367,20040929,广东省,440000,韶关市,440200,27.733435264
1368,20040930,广东省,440000,韶关市,440200,28.0622928326
1369,20041001,广东省,440000,韶关市,440200,22.3069374378
1370,20041002,广东省,440000,韶关市,440200,19.5054527674
1371,20041003,广东省,440000,韶关市,440200,19.164520117
1372,20041004,广东省,440000,韶关市,440200,20.0899629348
1373,20041005,广东省,440000,韶关市,440200,21.6330027947
1374,20041006,广东省,440000,韶关市,440200,22.4683150756
1375,20041007,广东省,440000,韶关市,440200,21.9614972335
1376,20041008,广东省,440000,韶关市,440200,21.5886884347
1377,20041009,广东省,440000,韶关市,440200,21.5316712306
1378,20041010,广东省,440000,韶关市,440200,22.4072942489
1379,20041011,广东省,440000,韶关市,440200,22.8562465081
1380,20041012,广东省,440000,韶关市,440200,22.3268361703
1381,20041013,广东省,440000,韶关市,440200,22.6744740315
1382,20041014,广东省,440000,韶关市,440200,23.4995654669
1383,20041015,广东省,440000,韶关市,440200,22.4773041163
1384,20041016,广东省,440000,韶关市,440200,22.5169239533
1385,20041017,广东省,440000,韶关市,440200,23.0299644959
1386,20041018,广东省,440000,韶关市,440200,22.5648065225
1387,20041019,广东省,440000,韶关市,440200,21.0663819924
1388,20041020,广东省,440000,韶关市,440200,20.7848131718
1389,20041021,广东省,440000,韶关市,440200,21.1670686771
1390,20041022,广东省,440000,韶关市,440200,21.0912329845
1391,20041023,广东省,440000,韶关市,440200,20.7027141375
1392,20041024,广东省,440000,韶关市,440200,21.3771033165
1393,20041025,广东省,440000,韶关市,440200,23.4108829009
1394,20041026,广东省,440000,韶关市,440200,21.6470592694
1395,20041027,广东省,440000,韶关市,440200,19.260387763
1396,20041028,广东省,440000,韶关市,440200,20.0486337711
1397,20041029,广东省,440000,韶关市,440200,21.0073863298
1398,20041030,广东省,440000,韶关市,440200,21.6516031119
1399,20041031,广东省,440000,韶关市,440200,22.1122197371
1400,20041101,广东省,440000,韶关市,440200,20.4710404323
1401,20041102,广东省,440000,韶关市,440200,19.9244604355
1402,20041103,广东省,440000,韶关市,440200,20.6473599947
1403,20041104,广东省,440000,韶关市,440200,21.0376467583
1404,20041105,广东省,440000,韶关市,440200,19.5159545801
1405,20041106,广东省,440000,韶关市,440200,20.3372980265
1406,20041107,广东省,440000,韶关市,440200,20.8834772355
1407,20041108,广东省,440000,韶关市,440200,22.7055254716
1408,20041109,广东省,440000,韶关市,440200,22.2098284501
1409,20041110,广东省,440000,韶关市,440200,23.9181283804
1410,20041111,广东省,440000,韶关市,440200,23.3963199029
1411,20041112,广东省,440000,韶关市,440200,21.6477511479
1412,20041113,广东省,440000,韶关市,440200,21.9500493759
1413,20041114,广东省,440000,韶关市,440200,18.6282889782
1414,20041115,广东省,440000,韶关市,440200,13.8331604248
1415,20041116,广东省,440000,韶关市,440200,15.2165752802
1416,20041117,广东省,440000,韶关市,440200,15.6312842247
1417,20041118,广东省,440000,韶关市,440200,14.746272136
1418,20041119,广东省,440000,韶关市,440200,14.7021580231
1419,20041120,广东省,440000,韶关市,440200,16.2205109719
1420,20041121,广东省,440000,韶关市,440200,16.2973924784
1421,20041122,广东省,440000,韶关市,440200,16.5444148871
1422,20041123,广东省,440000,韶关市,440200,18.6970380636
1423,20041124,广东省,440000,韶关市,440200,19.1908184932
1424,20041125,广东省,440000,韶关市,440200,17.8774726085
1425,20041126,广东省,440000,韶关市,440200,11.1971648534
1426,20041127,广东省,440000,韶关市,440200,12.6094764807
1427,20041128,广东省,440000,韶关市,440200,15.34886815
1428,20041129,广东省,440000,韶关市,440200,17.2163177637
1429,20041130,广东省,440000,韶关市,440200,16.7776803726
1430,20041201,广东省,440000,韶关市,440200,17.1852319669
1431,20041202,广东省,440000,韶关市,440200,18.1527130909
1432,20041203,广东省,440000,韶关市,440200,19.086901787
1433,20041204,广东省,440000,韶关市,440200,15.1293929907
1434,20041205,广东省,440000,韶关市,440200,12.9587619488
1435,20041206,广东省,440000,韶关市,440200,13.7292327881
1436,20041207,广东省,440000,韶关市,440200,12.273296723
1437,20041208,广东省,440000,韶关市,440200,11.1946403797
1438,20041209,广东省,440000,韶关市,440200,11.7288362552
1439,20041210,广东省,440000,韶关市,440200,11.4472634487
1440,20041211,广东省,440000,韶关市,440200,13.1366147017
1441,20041212,广东省,440000,韶关市,440200,14.7238933123
1442,20041213,广东省,440000,韶关市,440200,13.0266480079
1443,20041214,广东省,440000,韶关市,440200,14.4293415852
1444,20041215,广东省,440000,韶关市,440200,16.1209207192
1445,20041216,广东省,440000,韶关市,440200,16.469745905
1446,20041217,广东省,440000,韶关市,440200,16.2916249984
1447,20041218,广东省,440000,韶关市,440200,16.4816170961
1448,20041219,广东省,440000,韶关市,440200,15.8054688038
1449,20041220,广东省,440000,韶关市,440200,14.9223266504
1450,20041221,广东省,440000,韶关市,440200,17.15006887
1451,20041222,广东省,440000,韶关市,440200,16.3442197213
1452,20041223,广东省,440000,韶关市,440200,8.89137822542
1453,20041224,广东省,440000,韶关市,440200,8.21355380767
1454,20041225,广东省,440000,韶关市,440200,9.21201435725
1455,20041226,广东省,440000,韶关市,440200,9.71827427546
1456,20041227,广东省,440000,韶关市,440200,6.94790320519
1457,20041228,广东省,440000,韶关市,440200,5.31522536889
1458,20041229,广东省,440000,韶关市,440200,7.07702340224
1459,20041230,广东省,440000,韶关市,440200,3.73843656442
1460,20041231,广东省,440000,韶关市,440200,3.08144881786
1461,20050101,广东省,440000,韶关市,440200,4.63550288861
1462,20050102,广东省,440000,韶关市,440200,7.59118049573
1463,20050103,广东省,440000,韶关市,440200,8.78162734936
1464,20050104,广东省,440000,韶关市,440200,10.3571047783
1465,20050105,广东省,440000,韶关市,440200,9.9385239161
1466,20050106,广东省,440000,韶关市,440200,10.8999834305
1467,20050107,广东省,440000,韶关市,440200,12.6367418827
1468,20050108,广东省,440000,韶关市,440200,10.1971519666
1469,20050109,广东省,440000,韶关市,440200,7.39365083743
1470,20050110,广东省,440000,韶关市,440200,7.837486316
1471,20050111,广东省,440000,韶关市,440200,8.30259570097
1472,20050112,广东省,440000,韶关市,440200,5.89485346965
1473,20050113,广东省,440000,韶关市,440200,4.60844752727
1474,20050114,广东省,440000,韶关市,440200,5.7649400601
1475,20050115,广东省,440000,韶关市,440200,7.22495528979
1476,20050116,广东省,440000,韶关市,440200,9.07822915835
1477,20050117,广东省,440000,韶关市,440200,10.426135161
1478,20050118,广东省,440000,韶关市,440200,10.6483860872
1479,20050119,广东省,440000,韶关市,440200,9.84202651488
1480,20050120,广东省,440000,韶关市,440200,9.25583023903
1481,20050121,广东省,440000,韶关市,440200,11.4240649663
1482,20050122,广东省,440000,韶关市,440200,11.2974347701
1483,20050123,广东省,440000,韶关市,440200,14.2108483437
1484,20050124,广东省,440000,韶关市,440200,15.153095172
1485,20050125,广东省,440000,韶关市,440200,14.2421528498
1486,20050126,广东省,440000,韶关市,440200,10.7366421406
1487,20050127,广东省,440000,韶关市,440200,8.94223094598
1488,20050128,广东省,440000,韶关市,440200,8.8593748166
1489,20050129,广东省,440000,韶关市,440200,9.68725358523
1490,20050130,广东省,440000,韶关市,440200,8.203663557
1491,20050131,广东省,440000,韶关市,440200,6.81319954456
1492,20050201,广东省,440000,韶关市,440200,7.9116322444
1493,20050202,广东省,440000,韶关市,440200,6.31690855515
1494,20050203,广东省,440000,韶关市,440200,7.304575321
1495,20050204,广东省,440000,韶关市,440200,11.464018406
1496,20050205,广东省,440000,韶关市,440200,14.2999920478
1497,20050206,广东省,440000,韶关市,440200,17.5428778086
1498,20050207,广东省,440000,韶关市,440200,16.1643830568
1499,20050208,广东省,440000,韶关市,440200,14.1472506645
1500,20050209,广东省,440000,韶关市,440200,13.8113591488
1501,20050210,广东省,440000,韶关市,440200,7.57271138827
1502,20050211,广东省,440000,韶关市,440200,8.79600017499
1503,20050212,广东省,440000,韶关市,440200,9.73549243731
1504,20050213,广东省,440000,韶关市,440200,10.5994092623
1505,20050214,广东省,440000,韶关市,440200,12.7150121102
1506,20050215,广东省,440000,韶关市,440200,16.4892219274
1507,20050216,广东省,440000,韶关市,440200,11.708640123
1508,20050217,广东省,440000,韶关市,440200,7.99241367976
1509,20050218,广东省,440000,韶关市,440200,6.16644026072
1510,20050219,广东省,440000,韶关市,440200,5.22368994737
1511,20050220,广东省,440000,韶关市,440200,5.17695281444
1512,20050221,广东省,440000,韶关市,440200,5.34363747866
1513,20050222,广东省,440000,韶关市,440200,7.57129061528
1514,20050223,广东省,440000,韶关市,440200,11.8078717207
1515,20050224,广东省,440000,韶关市,440200,15.3753460371
1516,20050225,广东省,440000,韶关市,440200,16.7049465913
1517,20050226,广东省,440000,韶关市,440200,10.0860942449
1518,20050227,广东省,440000,韶关市,440200,7.98746343759
1519,20050228,广东省,440000,韶关市,440200,9.27700618597
1520,20050301,广东省,440000,韶关市,440200,8.26630309912
1521,20050302,广东省,440000,韶关市,440200,8.89187902059
1522,20050303,广东省,440000,韶关市,440200,10.3368543967
1523,20050304,广东省,440000,韶关市,440200,9.67725056868
1524,20050305,广东省,440000,韶关市,440200,10.2240550701
1525,20050306,广东省,440000,韶关市,440200,13.5844554168
1526,20050307,广东省,440000,韶关市,440200,15.1356697327
1527,20050308,广东省,440000,韶关市,440200,17.3200339293
1528,20050309,广东省,440000,韶关市,440200,18.9558457595
1529,20050310,广东省,440000,韶关市,440200,18.8875118158
1530,20050311,广东省,440000,韶关市,440200,18.9049967497
1531,20050312,广东省,440000,韶关市,440200,5.68573820897
1532,20050313,广东省,440000,韶关市,440200,6.41840558174
1533,20050314,广东省,440000,韶关市,440200,8.00291678844
1534,20050315,广东省,440000,韶关市,440200,10.3084107423
1535,20050316,广东省,440000,韶关市,440200,13.5386881706
1536,20050317,广东省,440000,韶关市,440200,17.894689242
1537,20050318,广东省,440000,韶关市,440200,17.3325934043
1538,20050319,广东省,440000,韶关市,440200,19.1356888306
1539,20050320,广东省,440000,韶关市,440200,21.0526918754
1540,20050321,广东省,440000,韶关市,440200,20.5719763438
1541,20050322,广东省,440000,韶关市,440200,17.735154103
1542,20050323,广东省,440000,韶关市,440200,13.5630541826
1543,20050324,广东省,440000,韶关市,440200,14.7980043216
1544,20050325,广东省,440000,韶关市,440200,15.3116283172
1545,20050326,广东省,440000,韶关市,440200,14.7561366741
1546,20050327,广东省,440000,韶关市,440200,17.4054234334
1547,20050328,广东省,440000,韶关市,440200,21.551810827
1548,20050329,广东省,440000,韶关市,440200,19.544512871
1549,20050330,广东省,440000,韶关市,440200,15.7423492089
1550,20050331,广东省,440000,韶关市,440200,15.3683484884
1551,20050401,广东省,440000,韶关市,440200,15.585144043
1552,20050402,广东省,440000,韶关市,440200,18.7927581102
1553,20050403,广东省,440000,韶关市,440200,20.2255986043
1554,20050404,广东省,440000,韶关市,440200,22.051885507
1555,20050405,广东省,440000,韶关市,440200,20.0014226375
1556,20050406,广东省,440000,韶关市,440200,19.9739685548
1557,20050407,广东省,440000,韶关市,440200,24.3498949393
1558,20050408,广东省,440000,韶关市,440200,26.5063742124
1559,20050409,广东省,440000,韶关市,440200,22.1017779815
1560,20050410,广东省,440000,韶关市,440200,16.5619514416
1561,20050411,广东省,440000,韶关市,440200,15.8742217284
1562,20050412,广东省,440000,韶关市,440200,12.2776460648
1563,20050413,广东省,440000,韶关市,440200,16.20209019
1564,20050414,广东省,440000,韶关市,440200,19.9321847084
1565,20050415,广东省,440000,韶关市,440200,22.4910305708
1566,20050416,广东省,440000,韶关市,440200,17.7613485776
1567,20050417,广东省,440000,韶关市,440200,18.4804319235
1568,20050418,广东省,440000,韶关市,440200,21.6355487628
1569,20050419,广东省,440000,韶关市,440200,22.4878442226
1570,20050420,广东省,440000,韶关市,440200,23.7030068911
1571,20050421,广东省,440000,韶关市,440200,25.1610707014
1572,20050422,广东省,440000,韶关市,440200,24.9709301484
1573,20050423,广东省,440000,韶关市,440200,24.0452924386
1574,20050424,广东省,440000,韶关市,440200,23.122022531
1575,20050425,广东省,440000,韶关市,440200,23.0484918937
1576,20050426,广东省,440000,韶关市,440200,22.6346691816
1577,20050427,广东省,440000,韶关市,440200,23.27131198
1578,20050428,广东省,440000,韶关市,440200,24.7347633655
1579,20050429,广东省,440000,韶关市,440200,27.3653774261
1580,20050430,广东省,440000,韶关市,440200,28.5517661266
1581,20050501,广东省,440000,韶关市,440200,27.6269164452
1582,20050502,广东省,440000,韶关市,440200,26.016298343
1583,20050503,广东省,440000,韶关市,440200,26.6307264475
1584,20050504,广东省,440000,韶关市,440200,25.8947227185
1585,20050505,广东省,440000,韶关市,440200,23.4684806237
1586,20050506,广东省,440000,韶关市,440200,22.3784168439
1587,20050507,广东省,440000,韶关市,440200,22.9156679496
1588,20050508,广东省,440000,韶关市,440200,23.840024508
1589,20050509,广东省,440000,韶关市,440200,22.6417515584
1590,20050510,广东省,440000,韶关市,440200,24.7267629183
1591,20050511,广东省,440000,韶关市,440200,25.4008640876
1592,20050512,广东省,440000,韶关市,440200,28.0032186753
1593,20050513,广东省,440000,韶关市,440200,28.2826501895
1594,20050514,广东省,440000,韶关市,440200,27.2411961189
1595,20050515,广东省,440000,韶关市,440200,27.941829388
1596,20050516,广东省,440000,韶关市,440200,28.8643147884
1597,20050517,广东省,440000,韶关市,440200,27.940834241
1598,20050518,广东省,440000,韶关市,440200,25.7217695774
1599,20050519,广东省,440000,韶关市,440200,25.1200429476
1600,20050520,广东省,440000,韶关市,440200,24.3993868216
1601,20050521,广东省,440000,韶关市,440200,27.3877481803
1602,20050522,广东省,440000,韶关市,440200,27.6619258783
1603,20050523,广东省,440000,韶关市,440200,27.1462716323
1604,20050524,广东省,440000,韶关市,440200,25.6203698867
1605,20050525,广东省,440000,韶关市,440200,26.5417240338
1606,20050526,广东省,440000,韶关市,440200,25.9712576744
1607,20050527,广东省,440000,韶关市,440200,24.6959948907
1608,20050528,广东省,440000,韶关市,440200,26.8947888399
1609,20050529,广东省,440000,韶关市,440200,26.3188370925
1610,20050530,广东省,440000,韶关市,440200,28.0393554981
1611,20050531,广东省,440000,韶关市,440200,27.8547868484
1612,20050601,广东省,440000,韶关市,440200,27.2403311118
1613,20050602,广东省,440000,韶关市,440200,26.3586927072
1614,20050603,广东省,440000,韶关市,440200,27.0956585224
1615,20050604,广东省,440000,韶关市,440200,26.8842295133
1616,20050605,广东省,440000,韶关市,440200,24.8101909833
1617,20050606,广东省,440000,韶关市,440200,27.0878035227
1618,20050607,广东省,440000,韶关市,440200,25.4096444937
1619,20050608,广东省,440000,韶关市,440200,26.2782767858
1620,20050609,广东省,440000,韶关市,440200,27.9446305984
1621,20050610,广东省,440000,韶关市,440200,29.3510339688
1622,20050611,广东省,440000,韶关市,440200,29.2300477639
1623,20050612,广东省,440000,韶关市,440200,27.2106479254
1624,20050613,广东省,440000,韶关市,440200,28.6227109371
1625,20050614,广东省,440000,韶关市,440200,28.2870568496
1626,20050615,广东省,440000,韶关市,440200,27.1326312041
1627,20050616,广东省,440000,韶关市,440200,26.9828536694
1628,20050617,广东省,440000,韶关市,440200,26.0864955217
1629,20050618,广东省,440000,韶关市,440200,26.9746766702
1630,20050619,广东省,440000,韶关市,440200,27.5422444955
1631,20050620,广东省,440000,韶关市,440200,25.9566575564
1632,20050621,广东省,440000,韶关市,440200,25.809916374
1633,20050622,广东省,440000,韶关市,440200,24.7225004343
1634,20050623,广东省,440000,韶关市,440200,25.0474716089
1635,20050624,广东省,440000,韶关市,440200,26.62091353
1636,20050625,广东省,440000,韶关市,440200,28.5940607022
1637,20050626,广东省,440000,韶关市,440200,28.7929303585
1638,20050627,广东省,440000,韶关市,440200,27.365567134
1639,20050628,广东省,440000,韶关市,440200,27.8250087836
1640,20050629,广东省,440000,韶关市,440200,29.4324144706
1641,20050630,广东省,440000,韶关市,440200,27.4090296916
1642,20050701,广东省,440000,韶关市,440200,27.4461335891
1643,20050702,广东省,440000,韶关市,440200,28.1731901413
1644,20050703,广东省,440000,韶关市,440200,29.5893008403
1645,20050704,广东省,440000,韶关市,440200,30.0227774107
1646,20050705,广东省,440000,韶关市,440200,30.258836355
1647,20050706,广东省,440000,韶关市,440200,30.2655969766
1648,20050707,广东省,440000,韶关市,440200,30.1767353645
1649,20050708,广东省,440000,韶关市,440200,27.5932063078
1650,20050709,广东省,440000,韶关市,440200,28.2691127581
1651,20050710,广东省,440000,韶关市,440200,29.7864828843
1652,20050711,广东省,440000,韶关市,440200,30.0515210567
1653,20050712,广东省,440000,韶关市,440200,29.7311559335
1654,20050713,广东省,440000,韶关市,440200,30.2082101382
1655,20050714,广东省,440000,韶关市,440200,30.5624693846
1656,20050715,广东省,440000,韶关市,440200,31.1718895252
1657,20050716,广东省,440000,韶关市,440200,31.1588023748
1658,20050717,广东省,440000,韶关市,440200,31.3305538862
1659,20050718,广东省,440000,韶关市,440200,32.7861110003
1660,20050719,广东省,440000,韶关市,440200,31.4306394137
1661,20050720,广东省,440000,韶关市,440200,29.017082899
1662,20050721,广东省,440000,韶关市,440200,28.7796925276
1663,20050722,广东省,440000,韶关市,440200,27.1929252331
1664,20050723,广东省,440000,韶关市,440200,27.7216735253
1665,20050724,广东省,440000,韶关市,440200,29.6803223537
1666,20050725,广东省,440000,韶关市,440200,30.413697903
1667,20050726,广东省,440000,韶关市,440200,29.196598542
1668,20050727,广东省,440000,韶关市,440200,29.9346581483
1669,20050728,广东省,440000,韶关市,440200,30.5588748149
1670,20050729,广东省,440000,韶关市,440200,28.9370638529
1671,20050730,广东省,440000,韶关市,440200,27.7083253616
1672,20050731,广东省,440000,韶关市,440200,27.1543400104
1673,20050801,广东省,440000,韶关市,440200,29.6265377632
1674,20050802,广东省,440000,韶关市,440200,30.0269310291
1675,20050803,广东省,440000,韶关市,440200,30.9999819535
1676,20050804,广东省,440000,韶关市,440200,29.3860293657
1677,20050805,广东省,440000,韶关市,440200,29.8450343792
1678,20050806,广东省,440000,韶关市,440200,30.1108411153
1679,20050807,广东省,440000,韶关市,440200,29.788389157
1680,20050808,广东省,440000,韶关市,440200,29.943589235
1681,20050809,广东省,440000,韶关市,440200,28.8500599005
1682,20050810,广东省,440000,韶关市,440200,28.7020487663
1683,20050811,广东省,440000,韶关市,440200,29.5888244922
1684,20050812,广东省,440000,韶关市,440200,31.9640212915
1685,20050813,广东省,440000,韶关市,440200,28.1597819695
1686,20050814,广东省,440000,韶关市,440200,27.8102335319
1687,20050815,广东省,440000,韶关市,440200,27.1203819666
1688,20050816,广东省,440000,韶关市,440200,27.8796884097
1689,20050817,广东省,440000,韶关市,440200,27.6614873348
1690,20050818,广东省,440000,韶关市,440200,27.6023004483
1691,20050819,广东省,440000,韶关市,440200,25.5611970364
1692,20050820,广东省,440000,韶关市,440200,25.4609308976
1693,20050821,广东省,440000,韶关市,440200,26.5548369579
1694,20050822,广东省,440000,韶关市,440200,25.8253080417
1695,20050823,广东省,440000,韶关市,440200,26.6597073873
1696,20050824,广东省,440000,韶关市,440200,25.9113171895
1697,20050825,广东省,440000,韶关市,440200,26.0574354025
1698,20050826,广东省,440000,韶关市,440200,25.7706375122
1699,20050827,广东省,440000,韶关市,440200,26.6681052966
1700,20050828,广东省,440000,韶关市,440200,28.3847717383
1701,20050829,广东省,440000,韶关市,440200,28.8326649299
1702,20050830,广东省,440000,韶关市,440200,29.6195639097
1703,20050831,广东省,440000,韶关市,440200,29.2982747494
1704,20050901,广东省,440000,韶关市,440200,28.1837321061
1705,20050902,广东省,440000,韶关市,440200,25.0661511543
1706,20050903,广东省,440000,韶关市,440200,25.3674511054
1707,20050904,广东省,440000,韶关市,440200,24.28886976
1708,20050905,广东省,440000,韶关市,440200,25.1526815952
1709,20050906,广东省,440000,韶关市,440200,25.674408497
1710,20050907,广东省,440000,韶关市,440200,26.0068981464
1711,20050908,广东省,440000,韶关市,440200,27.1083680666
1712,20050909,广东省,440000,韶关市,440200,25.87535418
1713,20050910,广东省,440000,韶关市,440200,27.0129461533
1714,20050911,广东省,440000,韶关市,440200,27.7869639274
1715,20050912,广东省,440000,韶关市,440200,28.6382622841
1716,20050913,广东省,440000,韶关市,440200,27.513616513
1717,20050914,广东省,440000,韶关市,440200,28.4141674042
1718,20050915,广东省,440000,韶关市,440200,28.9244378408
1719,20050916,广东省,440000,韶关市,440200,29.7744382222
1720,20050917,广东省,440000,韶关市,440200,29.8988035642
1721,20050918,广东省,440000,韶关市,440200,27.5891100077
1722,20050919,广东省,440000,韶关市,440200,28.5461287865
1723,20050920,广东省,440000,韶关市,440200,29.0978322151
1724,20050921,广东省,440000,韶关市,440200,29.737835175
1725,20050922,广东省,440000,韶关市,440200,26.4236427698
1726,20050923,广东省,440000,韶关市,440200,24.1295551887
1727,20050924,广东省,440000,韶关市,440200,25.6669993767
1728,20050925,广东省,440000,韶关市,440200,26.2587858836
1729,20050926,广东省,440000,韶关市,440200,25.90147977
1730,20050927,广东省,440000,韶关市,440200,25.7912363884
1731,20050928,广东省,440000,韶关市,440200,27.5940564963
1732,20050929,广东省,440000,韶关市,440200,28.4766677465
1733,20050930,广东省,440000,韶关市,440200,28.4314374679
1734,20051001,广东省,440000,韶关市,440200,29.4272881043
1735,20051002,广东省,440000,韶关市,440200,28.2527256012
1736,20051003,广东省,440000,韶关市,440200,23.3660916549
1737,20051004,广东省,440000,韶关市,440200,21.6391149668
1738,20051005,广东省,440000,韶关市,440200,22.4564845745
1739,20051006,广东省,440000,韶关市,440200,24.9077307872
1740,20051007,广东省,440000,韶关市,440200,24.4181855031
1741,20051008,广东省,440000,韶关市,440200,24.0563440078
1742,20051009,广东省,440000,韶关市,440200,22.8485666422
1743,20051010,广东省,440000,韶关市,440200,23.8762435424
1744,20051011,广东省,440000,韶关市,440200,24.9553759648
1745,20051012,广东省,440000,韶关市,440200,25.953205451
1746,20051013,广东省,440000,韶关市,440200,26.6793977297
1747,20051014,广东省,440000,韶关市,440200,24.644991459
1748,20051015,广东省,440000,韶关市,440200,21.0190391296
1749,20051016,广东省,440000,韶关市,440200,22.1328559778
1750,20051017,广东省,440000,韶关市,440200,23.1621567653
1751,20051018,广东省,440000,韶关市,440200,23.7092619676
1752,20051019,广东省,440000,韶关市,440200,23.7845204671
1753,20051020,广东省,440000,韶关市,440200,23.2260634104
1754,20051021,广东省,440000,韶关市,440200,22.5525540083
1755,20051022,广东省,440000,韶关市,440200,19.2612139384
1756,20051023,广东省,440000,韶关市,440200,18.1968064186
1757,20051024,广东省,440000,韶关市,440200,19.3287770687
1758,20051025,广东省,440000,韶关市,440200,19.4494481698
1759,20051026,广东省,440000,韶关市,440200,22.2434192071
1760,20051027,广东省,440000,韶关市,440200,24.398466746
1761,20051028,广东省,440000,韶关市,440200,22.7440425677
1762,20051029,广东省,440000,韶关市,440200,16.9398162793
1763,20051030,广东省,440000,韶关市,440200,17.1084063114
1764,20051031,广东省,440000,韶关市,440200,17.3803569598
1765,20051101,广东省,440000,韶关市,440200,20.3692823557
1766,20051102,广东省,440000,韶关市,440200,20.9972899021
1767,20051103,广东省,440000,韶关市,440200,24.070153163
1768,20051104,广东省,440000,韶关市,440200,25.3260642321
1769,20051105,广东省,440000,韶关市,440200,26.356094556
1770,20051106,广东省,440000,韶关市,440200,26.2361666851
1771,20051107,广东省,440000,韶关市,440200,25.9221247649
1772,20051108,广东省,440000,韶关市,440200,25.2358055115
1773,20051109,广东省,440000,韶关市,440200,25.3775314918
1774,20051110,广东省,440000,韶关市,440200,24.8339337569
1775,20051111,广东省,440000,韶关市,440200,22.8662993113
1776,20051112,广东省,440000,韶关市,440200,21.0401592744
1777,20051113,广东省,440000,韶关市,440200,21.6399312142
1778,20051114,广东省,440000,韶关市,440200,18.7422786859
1779,20051115,广东省,440000,韶关市,440200,14.9260078332
1780,20051116,广东省,440000,韶关市,440200,14.7696977273
1781,20051117,广东省,440000,韶关市,440200,14.5385389328
1782,20051118,广东省,440000,韶关市,440200,13.5604745914
1783,20051119,广东省,440000,韶关市,440200,13.5161174383
1784,20051120,广东省,440000,韶关市,440200,13.9160826023
1785,20051121,广东省,440000,韶关市,440200,14.0388794923
1786,20051122,广东省,440000,韶关市,440200,14.4513641993
1787,20051123,广东省,440000,韶关市,440200,15.4133242338
1788,20051124,广东省,440000,韶关市,440200,15.5789935528
1789,20051125,广东省,440000,韶关市,440200,14.7872086305
1790,20051126,广东省,440000,韶关市,440200,16.6416125175
1791,20051127,广东省,440000,韶关市,440200,18.3916797149
1792,20051128,广东省,440000,韶关市,440200,20.4429309552
1793,20051129,广东省,440000,韶关市,440200,15.669228676
1794,20051130,广东省,440000,韶关市,440200,15.5137407107
1795,20051201,广东省,440000,韶关市,440200,17.6560043188
1796,20051202,广东省,440000,韶关市,440200,16.3241363428
1797,20051203,广东省,440000,韶关市,440200,14.9397021563
1798,20051204,广东省,440000,韶关市,440200,11.909679853
1799,20051205,广东省,440000,韶关市,440200,6.97076055331
1800,20051206,广东省,440000,韶关市,440200,5.94605052165
1801,20051207,广东省,440000,韶关市,440200,10.0934740458
1802,20051208,广东省,440000,韶关市,440200,12.1202482566
1803,20051209,广东省,440000,韶关市,440200,13.1763361417
1804,20051210,广东省,440000,韶关市,440200,13.6229188381
1805,20051211,广东省,440000,韶关市,440200,10.3555030089
1806,20051212,广东省,440000,韶关市,440200,9.68379507309
1807,20051213,广东省,440000,韶关市,440200,9.40751559918
1808,20051214,广东省,440000,韶关市,440200,9.47584997079
1809,20051215,广东省,440000,韶关市,440200,8.5150203338
1810,20051216,广东省,440000,韶关市,440200,9.26796946159
1811,20051217,广东省,440000,韶关市,440200,10.3596028548
1812,20051218,广东省,440000,韶关市,440200,8.12279582635
1813,20051219,广东省,440000,韶关市,440200,7.81098415913
1814,20051220,广东省,440000,韶关市,440200,11.9215285228
1815,20051221,广东省,440000,韶关市,440200,9.97232696338
1816,20051222,广东省,440000,韶关市,440200,7.43347279231
1817,20051223,广东省,440000,韶关市,440200,9.69509180998
1818,20051224,广东省,440000,韶关市,440200,13.0419172629
1819,20051225,广东省,440000,韶关市,440200,14.8137010183
1820,20051226,广东省,440000,韶关市,440200,14.5672738002
1821,20051227,广东省,440000,韶关市,440200,12.0304387655
1822,20051228,广东省,440000,韶关市,440200,11.3399652579
1823,20051229,广东省,440000,韶关市,440200,12.725407527
1824,20051230,广东省,440000,韶关市,440200,14.3697017767
1825,20051231,广东省,440000,韶关市,440200,15.3628897056
1826,20060101,广东省,440000,韶关市,440200,15.0648545485
1827,20060102,广东省,440000,韶关市,440200,14.9172026316
1828,20060103,广东省,440000,韶关市,440200,17.0577461536
1829,20060104,广东省,440000,韶关市,440200,14.108788099
1830,20060105,广东省,440000,韶关市,440200,6.30234488463
1831,20060106,广东省,440000,韶关市,440200,3.91526598808
1832,20060107,广东省,440000,韶关市,440200,5.30496788025
1833,20060108,广东省,440000,韶关市,440200,5.36285434625
1834,20060109,广东省,440000,韶关市,440200,8.24902209257
1835,20060110,广东省,440000,韶关市,440200,10.8385011722
1836,20060111,广东省,440000,韶关市,440200,14.3159120022
1837,20060112,广东省,440000,韶关市,440200,16.1184457877
1838,20060113,广东省,440000,韶关市,440200,16.7440610299
1839,20060114,广东省,440000,韶关市,440200,16.3826489571
1840,20060115,广东省,440000,韶关市,440200,14.6497033437
1841,20060116,广东省,440000,韶关市,440200,16.0737800598
1842,20060117,广东省,440000,韶关市,440200,18.8598564588
1843,20060118,广东省,440000,韶关市,440200,18.6938622548
1844,20060119,广东省,440000,韶关市,440200,10.9816340789
1845,20060120,广东省,440000,韶关市,440200,6.401965557
1846,20060121,广东省,440000,韶关市,440200,6.464232188
1847,20060122,广东省,440000,韶关市,440200,6.41521760745
1848,20060123,广东省,440000,韶关市,440200,6.89681575237
1849,20060124,广东省,440000,韶关市,440200,8.47932684727
1850,20060125,广东省,440000,韶关市,440200,10.1338220988
1851,20060126,广东省,440000,韶关市,440200,9.48970366747
1852,20060127,广东省,440000,韶关市,440200,12.3082600129
1853,20060128,广东省,440000,韶关市,440200,14.2165955275
1854,20060129,广东省,440000,韶关市,440200,16.8608935919
1855,20060130,广东省,440000,韶关市,440200,17.847952427
1856,20060131,广东省,440000,韶关市,440200,17.1303719252
1857,20060201,广东省,440000,韶关市,440200,15.1168735211
1858,20060202,广东省,440000,韶关市,440200,16.2013866473
1859,20060203,广东省,440000,韶关市,440200,12.2313347841
1860,20060204,广东省,440000,韶关市,440200,9.76150054198
1861,20060205,广东省,440000,韶关市,440200,12.85071406
1862,20060206,广东省,440000,韶关市,440200,14.1090848018
1863,20060207,广东省,440000,韶关市,440200,14.8313720165
1864,20060208,广东省,440000,韶关市,440200,14.7075821803
1865,20060209,广东省,440000,韶关市,440200,8.82579677533
1866,20060210,广东省,440000,韶关市,440200,10.4814620018
1867,20060211,广东省,440000,韶关市,440200,15.2398171303
1868,20060212,广东省,440000,韶关市,440200,16.4532289994
1869,20060213,广东省,440000,韶关市,440200,17.4155965952
1870,20060214,广东省,440000,韶关市,440200,21.3825647892
1871,20060215,广东省,440000,韶关市,440200,21.6463847038
1872,20060216,广东省,440000,韶关市,440200,13.414118669
1873,20060217,广东省,440000,韶关市,440200,8.88561569116
1874,20060218,广东省,440000,韶关市,440200,6.84272100987
1875,20060219,广东省,440000,韶关市,440200,8.59192301677
1876,20060220,广东省,440000,韶关市,440200,12.0629932697
1877,20060221,广东省,440000,韶关市,440200,18.1157074219
1878,20060222,广东省,440000,韶关市,440200,14.2583462886
1879,20060223,广东省,440000,韶关市,440200,12.2896471757
1880,20060224,广东省,440000,韶关市,440200,13.0034521054
1881,20060225,广东省,440000,韶关市,440200,11.6080876375
1882,20060226,广东省,440000,韶关市,440200,13.4903330925
1883,20060227,广东省,440000,韶关市,440200,10.8025701474
1884,20060228,广东省,440000,韶关市,440200,5.33452337827
1885,20060301,广东省,440000,韶关市,440200,6.18829095058
1886,20060302,广东省,440000,韶关市,440200,9.49034947615
1887,20060303,广东省,440000,韶关市,440200,12.5769939667
1888,20060304,广东省,440000,韶关市,440200,12.4767136941
1889,20060305,广东省,440000,韶关市,440200,14.124090537
1890,20060306,广东省,440000,韶关市,440200,16.3486736004
1891,20060307,广东省,440000,韶关市,440200,18.9034370031
1892,20060308,广东省,440000,韶关市,440200,19.6066647554
1893,20060309,广东省,440000,韶关市,440200,19.3799241384
1894,20060310,广东省,440000,韶关市,440200,21.4703349578
1895,20060311,广东省,440000,韶关市,440200,22.4757112356
1896,20060312,广东省,440000,韶关市,440200,11.4243952678
1897,20060313,广东省,440000,韶关市,440200,5.3864778372
1898,20060314,广东省,440000,韶关市,440200,8.59541507868
1899,20060315,广东省,440000,韶关市,440200,10.9464660302
1900,20060316,广东省,440000,韶关市,440200,14.6505062641
1901,20060317,广东省,440000,韶关市,440200,18.2958581142
1902,20060318,广东省,440000,韶关市,440200,20.1505722144
1903,20060319,广东省,440000,韶关市,440200,19.6641421196
1904,20060320,广东省,440000,韶关市,440200,17.5786032065
1905,20060321,广东省,440000,韶关市,440200,18.3344391065
1906,20060322,广东省,440000,韶关市,440200,18.7136309453
1907,20060323,广东省,440000,韶关市,440200,15.444179486
1908,20060324,广东省,440000,韶关市,440200,14.7151551124
1909,20060325,广东省,440000,韶关市,440200,14.5555700889
1910,20060326,广东省,440000,韶关市,440200,14.6489798228
1911,20060327,广东省,440000,韶关市,440200,14.8673607019
1912,20060328,广东省,440000,韶关市,440200,17.5802428906
1913,20060329,广东省,440000,韶关市,440200,17.9798161922
1914,20060330,广东省,440000,韶关市,440200,19.8595975729
1915,20060331,广东省,440000,韶关市,440200,19.5206371699
1916,20060401,广东省,440000,韶关市,440200,20.8262986403
1917,20060402,广东省,440000,韶关市,440200,23.2877534231
1918,20060403,广东省,440000,韶关市,440200,25.7679277078
1919,20060404,广东省,440000,韶关市,440200,25.963041061
1920,20060405,广东省,440000,韶关市,440200,24.6153133588
1921,20060406,广东省,440000,韶关市,440200,18.9293775803
1922,20060407,广东省,440000,韶关市,440200,18.4859414223
1923,20060408,广东省,440000,韶关市,440200,21.5110396361
1924,20060409,广东省,440000,韶关市,440200,23.777819609
1925,20060410,广东省,440000,韶关市,440200,24.8753823011
1926,20060411,广东省,440000,韶关市,440200,28.0237483
1927,20060412,广东省,440000,韶关市,440200,21.5208711135
1928,20060413,广东省,440000,韶关市,440200,11.6622584905
1929,20060414,广东省,440000,韶关市,440200,10.8810039422
1930,20060415,广东省,440000,韶关市,440200,12.4990998537
1931,20060416,广东省,440000,韶关市,440200,15.7789051105
1932,20060417,广东省,440000,韶关市,440200,20.702166435
1933,20060418,广东省,440000,韶关市,440200,20.8167995551
1934,20060419,广东省,440000,韶关市,440200,22.046928259
1935,20060420,广东省,440000,韶关市,440200,24.2768760094
1936,20060421,广东省,440000,韶关市,440200,24.8836756486
1937,20060422,广东省,440000,韶关市,440200,24.7674049475
1938,20060423,广东省,440000,韶关市,440200,24.1042610071
1939,20060424,广东省,440000,韶关市,440200,24.4035659203
1940,20060425,广东省,440000,韶关市,440200,24.8630045866
1941,20060426,广东省,440000,韶关市,440200,23.2752105028
1942,20060427,广东省,440000,韶关市,440200,22.6724502857
1943,20060428,广东省,440000,韶关市,440200,19.9226810749
1944,20060429,广东省,440000,韶关市,440200,21.4588739933
1945,20060430,广东省,440000,韶关市,440200,25.3929373912
1946,20060501,广东省,440000,韶关市,440200,25.5701272427
1947,20060502,广东省,440000,韶关市,440200,23.85332445
1948,20060503,广东省,440000,韶关市,440200,22.9303001991
1949,20060504,广东省,440000,韶关市,440200,23.3583489932
1950,20060505,广东省,440000,韶关市,440200,25.7294532091
1951,20060506,广东省,440000,韶关市,440200,24.7213942699
1952,20060507,广东省,440000,韶关市,440200,25.8566970336
1953,20060508,广东省,440000,韶关市,440200,28.4520903367
1954,20060509,广东省,440000,韶关市,440200,28.0005462353
1955,20060510,广东省,440000,韶关市,440200,25.8400747837
1956,20060511,广东省,440000,韶关市,440200,26.8876948723
1957,20060512,广东省,440000,韶关市,440200,25.8470159677
1958,20060513,广东省,440000,韶关市,440200,18.0404346662
1959,20060514,广东省,440000,韶关市,440200,21.312652539
1960,20060515,广东省,440000,韶关市,440200,23.5044169793
1961,20060516,广东省,440000,韶关市,440200,20.4801024902
1962,20060517,广东省,440000,韶关市,440200,20.7495093712
1963,20060518,广东省,440000,韶关市,440200,21.6560335404
1964,20060519,广东省,440000,韶关市,440200,24.4305708959
1965,20060520,广东省,440000,韶关市,440200,25.0502880292
1966,20060521,广东省,440000,韶关市,440200,22.7321083851
1967,20060522,广东省,440000,韶关市,440200,23.6777976598
1968,20060523,广东省,440000,韶关市,440200,25.3332027533
1969,20060524,广东省,440000,韶关市,440200,25.4776504223
1970,20060525,广东省,440000,韶关市,440200,26.1131873009
1971,20060526,广东省,440000,韶关市,440200,24.4541586362
1972,20060527,广东省,440000,韶关市,440200,23.7691893455
1973,20060528,广东省,440000,韶关市,440200,21.9805940481
1974,20060529,广东省,440000,韶关市,440200,19.6714108296
1975,20060530,广东省,440000,韶关市,440200,19.3810807253
1976,20060531,广东省,440000,韶关市,440200,21.7712361751
1977,20060601,广东省,440000,韶关市,440200,22.9581733117
1978,20060602,广东省,440000,韶关市,440200,23.7315652309
1979,20060603,广东省,440000,韶关市,440200,25.1821279281
1980,20060604,广东省,440000,韶关市,440200,25.7771396637
1981,20060605,广东省,440000,韶关市,440200,26.5743799943
1982,20060606,广东省,440000,韶关市,440200,27.4253127758
1983,20060607,广东省,440000,韶关市,440200,26.0894764142
1984,20060608,广东省,440000,韶关市,440200,24.3117713928
1985,20060609,广东省,440000,韶关市,440200,23.2225761414
1986,20060610,广东省,440000,韶关市,440200,25.5250894595
1987,20060611,广东省,440000,韶关市,440200,26.5801262489
1988,20060612,广东省,440000,韶关市,440200,25.8522019998
1989,20060613,广东省,440000,韶关市,440200,26.4807071197
1990,20060614,广东省,440000,韶关市,440200,25.238373683
1991,20060615,广东省,440000,韶关市,440200,25.4394642757
1992,20060616,广东省,440000,韶关市,440200,27.8517575386
1993,20060617,广东省,440000,韶关市,440200,27.8736931727
1994,20060618,广东省,440000,韶关市,440200,25.9939069014
1995,20060619,广东省,440000,韶关市,440200,26.5467627599
1996,20060620,广东省,440000,韶关市,440200,28.5582511608
1997,20060621,广东省,440000,韶关市,440200,29.2721421168
1998,20060622,广东省,440000,韶关市,440200,29.9366696676
1999,20060623,广东省,440000,韶关市,440200,29.7738582415
2000,20060624,广东省,440000,韶关市,440200,29.9958660908
2001,20060625,广东省,440000,韶关市,440200,29.0750223307
2002,20060626,广东省,440000,韶关市,440200,30.0900628995
2003,20060627,广东省,440000,韶关市,440200,30.1238263937
2004,20060628,广东省,440000,韶关市,440200,28.3634026356
2005,20060629,广东省,440000,韶关市,440200,28.1643194541
2006,20060630,广东省,440000,韶关市,440200,28.9934746669
2007,20060701,广东省,440000,韶关市,440200,30.5062009371
2008,20060702,广东省,440000,韶关市,440200,30.8336530832
2009,20060703,广东省,440000,韶关市,440200,30.127133883
2010,20060704,广东省,440000,韶关市,440200,29.3316804446
2011,20060705,广东省,440000,韶关市,440200,29.7269113003
2012,20060706,广东省,440000,韶关市,440200,30.4806395311
2013,20060707,广东省,440000,韶关市,440200,30.22130125
2014,20060708,广东省,440000,韶关市,440200,30.6781106607
2015,20060709,广东省,440000,韶关市,440200,29.6848807702
2016,20060710,广东省,440000,韶关市,440200,29.2763415606
2017,20060711,广东省,440000,韶关市,440200,29.4027201335
2018,20060712,广东省,440000,韶关市,440200,30.6862628643
2019,20060713,广东省,440000,韶关市,440200,29.6376555516
2020,20060714,广东省,440000,韶关市,440200,29.3484265254
2021,20060715,广东省,440000,韶关市,440200,25.6350250733
2022,20060716,广东省,440000,韶关市,440200,25.6623813923
2023,20060717,广东省,440000,韶关市,440200,26.7841229072
2024,20060718,广东省,440000,韶关市,440200,29.2223529327
2025,20060719,广东省,440000,韶关市,440200,30.0039972159
2026,20060720,广东省,440000,韶关市,440200,30.674078868
2027,20060721,广东省,440000,韶关市,440200,30.7539300185
2028,20060722,广东省,440000,韶关市,440200,30.3794295971
2029,20060723,广东省,440000,韶关市,440200,30.8778000367
2030,20060724,广东省,440000,韶关市,440200,30.6710939163
2031,20060725,广东省,440000,韶关市,440200,29.5252534426
2032,20060726,广东省,440000,韶关市,440200,24.9252131046
2033,20060727,广东省,440000,韶关市,440200,25.1602996435
2034,20060728,广东省,440000,韶关市,440200,26.1364998451
2035,20060729,广东省,440000,韶关市,440200,25.9463511736
2036,20060730,广东省,440000,韶关市,440200,28.323094637
2037,20060731,广东省,440000,韶关市,440200,29.7321348924
2038,20060801,广东省,440000,韶关市,440200,29.8934817192
2039,20060802,广东省,440000,韶关市,440200,27.2547604487
2040,20060803,广东省,440000,韶关市,440200,25.8835455577
2041,20060804,广东省,440000,韶关市,440200,26.008013114
2042,20060805,广东省,440000,韶关市,440200,26.8263449547
2043,20060806,广东省,440000,韶关市,440200,27.8587792225
2044,20060807,广东省,440000,韶关市,440200,28.1193154653
2045,20060808,广东省,440000,韶关市,440200,27.7329877218
2046,20060809,广东省,440000,韶关市,440200,29.0402990488
2047,20060810,广东省,440000,韶关市,440200,30.3178301102
2048,20060811,广东省,440000,韶关市,440200,29.4892829504
2049,20060812,广东省,440000,韶关市,440200,29.8811849936
2050,20060813,广东省,440000,韶关市,440200,30.8513986636
2051,20060814,广东省,440000,韶关市,440200,28.966469887
2052,20060815,广东省,440000,韶关市,440200,30.0229217823
2053,20060816,广东省,440000,韶关市,440200,30.614909979
2054,20060817,广东省,440000,韶关市,440200,29.3762041728
2055,20060818,广东省,440000,韶关市,440200,29.4835847219
2056,20060819,广东省,440000,韶关市,440200,29.3161768302
2057,20060820,广东省,440000,韶关市,440200,28.1765316694
2058,20060821,广东省,440000,韶关市,440200,28.0937717144
2059,20060822,广东省,440000,韶关市,440200,28.3331625523
2060,20060823,广东省,440000,韶关市,440200,28.9733686692
2061,20060824,广东省,440000,韶关市,440200,28.0342176878
2062,20060825,广东省,440000,韶关市,440200,27.1735114073
2063,20060826,广东省,440000,韶关市,440200,26.3479399559
2064,20060827,广东省,440000,韶关市,440200,28.6399833973
2065,20060828,广东省,440000,韶关市,440200,28.6257400024
2066,20060829,广东省,440000,韶关市,440200,29.4133572212
2067,20060830,广东省,440000,韶关市,440200,29.6046279516
2068,20060831,广东省,440000,韶关市,440200,30.4225194882
2069,20060901,广东省,440000,韶关市,440200,30.9931112436
2070,20060902,广东省,440000,韶关市,440200,30.2181287912
2071,20060903,广东省,440000,韶关市,440200,28.5819813166
2072,20060904,广东省,440000,韶关市,440200,29.5609074128
2073,20060905,广东省,440000,韶关市,440200,26.7549199324
2074,20060906,广东省,440000,韶关市,440200,26.305736933
2075,20060907,广东省,440000,韶关市,440200,28.1197425158
2076,20060908,广东省,440000,韶关市,440200,27.3023165189
2077,20060909,广东省,440000,韶关市,440200,21.5596897419
2078,20060910,广东省,440000,韶关市,440200,20.337312894
2079,20060911,广东省,440000,韶关市,440200,20.8969826332
2080,20060912,广东省,440000,韶关市,440200,20.0103624295
2081,20060913,广东省,440000,韶关市,440200,20.7689130734
2082,20060914,广东省,440000,韶关市,440200,21.809617605
2083,20060915,广东省,440000,韶关市,440200,23.5204170423
2084,20060916,广东省,440000,韶关市,440200,23.4558742719
2085,20060917,广东省,440000,韶关市,440200,23.2154033367
2086,20060918,广东省,440000,韶关市,440200,23.4948279552
2087,20060919,广东省,440000,韶关市,440200,23.9020827856
2088,20060920,广东省,440000,韶关市,440200,23.5677595383
2089,20060921,广东省,440000,韶关市,440200,23.9885525337
2090,20060922,广东省,440000,韶关市,440200,24.6302071596
2091,20060923,广东省,440000,韶关市,440200,25.707879042
2092,20060924,广东省,440000,韶关市,440200,26.4218054551
2093,20060925,广东省,440000,韶关市,440200,26.5146260384
2094,20060926,广东省,440000,韶关市,440200,26.593525373
2095,20060927,广东省,440000,韶关市,440200,26.9765926752
2096,20060928,广东省,440000,韶关市,440200,26.7515855936
2097,20060929,广东省,440000,韶关市,440200,26.6467914581
2098,20060930,广东省,440000,韶关市,440200,26.6517705673
2099,20061001,广东省,440000,韶关市,440200,24.5369792351
2100,20061002,广东省,440000,韶关市,440200,24.9499257895
2101,20061003,广东省,440000,韶关市,440200,25.221192042
2102,20061004,广东省,440000,韶关市,440200,25.0319272066
2103,20061005,广东省,440000,韶关市,440200,24.6495462564
2104,20061006,广东省,440000,韶关市,440200,24.9378431271
2105,20061007,广东省,440000,韶关市,440200,25.7587817755
2106,20061008,广东省,440000,韶关市,440200,24.3485226264
2107,20061009,广东省,440000,韶关市,440200,23.3176916074
2108,20061010,广东省,440000,韶关市,440200,24.8955181807
2109,20061011,广东省,440000,韶关市,440200,25.2746818249
2110,20061012,广东省,440000,韶关市,440200,25.9624610803
2111,20061013,广东省,440000,韶关市,440200,26.0861026568
2112,20061014,广东省,440000,韶关市,440200,25.6167482718
2113,20061015,广东省,440000,韶关市,440200,26.1467562944
2114,20061016,广东省,440000,韶关市,440200,25.5557425572
2115,20061017,广东省,440000,韶关市,440200,25.2794067187
2116,20061018,广东省,440000,韶关市,440200,24.7275344164
2117,20061019,广东省,440000,韶关市,440200,25.0408480229
2118,20061020,广东省,440000,韶关市,440200,25.7140190907
2119,20061021,广东省,440000,韶关市,440200,25.847428493
2120,20061022,广东省,440000,韶关市,440200,26.096644426
2121,20061023,广东省,440000,韶关市,440200,25.1732863891
2122,20061024,广东省,440000,韶关市,440200,24.7773198837
2123,20061025,广东省,440000,韶关市,440200,23.6356892219
2124,20061026,广东省,440000,韶关市,440200,21.6870393019
2125,20061027,广东省,440000,韶关市,440200,19.8301194998
2126,20061028,广东省,440000,韶关市,440200,21.9335329594
2127,20061029,广东省,440000,韶关市,440200,22.1673059708
2128,20061030,广东省,440000,韶关市,440200,22.6780933967
2129,20061031,广东省,440000,韶关市,440200,22.931948833
2130,20061101,广东省,440000,韶关市,440200,21.314920621
2131,20061102,广东省,440000,韶关市,440200,19.3951242398
2132,20061103,广东省,440000,韶关市,440200,18.8370190645
2133,20061104,广东省,440000,韶关市,440200,19.0057592147
2134,20061105,广东省,440000,韶关市,440200,19.9257544004
2135,20061106,广东省,440000,韶关市,440200,21.3207668891
2136,20061107,广东省,440000,韶关市,440200,19.4339493483
2137,20061108,广东省,440000,韶关市,440200,20.0928978553
2138,20061109,广东省,440000,韶关市,440200,22.9586728903
2139,20061110,广东省,440000,韶关市,440200,24.4080674098
2140,20061111,广东省,440000,韶关市,440200,22.2277074961
2141,20061112,广东省,440000,韶关市,440200,18.3193813226
2142,20061113,广东省,440000,韶关市,440200,19.63274721
2143,20061114,广东省,440000,韶关市,440200,20.0302348504
2144,20061115,广东省,440000,韶关市,440200,19.124891868
2145,20061116,广东省,440000,韶关市,440200,19.6347178435
2146,20061117,广东省,440000,韶关市,440200,19.9610327696
2147,20061118,广东省,440000,韶关市,440200,18.0698297452
2148,20061119,广东省,440000,韶关市,440200,16.5127541713
2149,20061120,广东省,440000,韶关市,440200,16.1408734688
2150,20061121,广东省,440000,韶关市,440200,15.980809334
2151,20061122,广东省,440000,韶关市,440200,17.5781773543
2152,20061123,广东省,440000,韶关市,440200,16.7155080697
2153,20061124,广东省,440000,韶关市,440200,17.049287307
2154,20061125,广东省,440000,韶关市,440200,17.9894440969
2155,20061126,广东省,440000,韶关市,440200,16.6139374268
2156,20061127,广东省,440000,韶关市,440200,13.5670708387
2157,20061128,广东省,440000,韶关市,440200,13.4147234697
2158,20061129,广东省,440000,韶关市,440200,13.2231192467
2159,20061130,广东省,440000,韶关市,440200,13.1650053905
2160,20061201,广东省,440000,韶关市,440200,12.4981532219
2161,20061202,广东省,440000,韶关市,440200,13.5499024758
2162,20061203,广东省,440000,韶关市,440200,13.7080572568
2163,20061204,广东省,440000,韶关市,440200,14.5072769507
2164,20061205,广东省,440000,韶关市,440200,15.5137104621
2165,20061206,广东省,440000,韶关市,440200,17.4059066283
2166,20061207,广东省,440000,韶关市,440200,17.8548671038
2167,20061208,广东省,440000,韶关市,440200,14.9818108877
2168,20061209,广东省,440000,韶关市,440200,9.81035390267
2169,20061210,广东省,440000,韶关市,440200,10.0188929484
2170,20061211,广东省,440000,韶关市,440200,12.2156795966
2171,20061212,广东省,440000,韶关市,440200,16.0404160817
2172,20061213,广东省,440000,韶关市,440200,11.4466347572
2173,20061214,广东省,440000,韶关市,440200,10.5120621217
2174,20061215,广东省,440000,韶关市,440200,12.9058667696
2175,20061216,广东省,440000,韶关市,440200,12.2532741106
2176,20061217,广东省,440000,韶关市,440200,9.81295575851
2177,20061218,广东省,440000,韶关市,440200,9.05779163654
2178,20061219,广东省,440000,韶关市,440200,10.2861998631
2179,20061220,广东省,440000,韶关市,440200,11.5473480958
2180,20061221,广东省,440000,韶关市,440200,11.5705952767
2181,20061222,广东省,440000,韶关市,440200,9.84658290178
2182,20061223,广东省,440000,韶关市,440200,11.0025113179
2183,20061224,广东省,440000,韶关市,440200,11.2475350698
2184,20061225,广东省,440000,韶关市,440200,11.2524750538
2185,20061226,广东省,440000,韶关市,440200,11.8593768095
2186,20061227,广东省,440000,韶关市,440200,12.8207206482
2187,20061228,广东省,440000,韶关市,440200,10.8954588572
2188,20061229,广东省,440000,韶关市,440200,9.09626022975
2189,20061230,广东省,440000,韶关市,440200,10.7488864752
2190,20061231,广东省,440000,韶关市,440200,12.6479631571
2191,20070101,广东省,440000,韶关市,440200,14.6942559511
2192,20070102,广东省,440000,韶关市,440200,12.6757454505
2193,20070103,广东省,440000,韶关市,440200,9.10246307422
2194,20070104,广东省,440000,韶关市,440200,8.06389033489
2195,20070105,广东省,440000,韶关市,440200,8.92680523946
2196,20070106,广东省,440000,韶关市,440200,8.59528486545
2197,20070107,广东省,440000,韶关市,440200,8.45524439445
2198,20070108,广东省,440000,韶关市,440200,8.93454205684
2199,20070109,广东省,440000,韶关市,440200,9.06337017891
2200,20070110,广东省,440000,韶关市,440200,11.6749409407
2201,20070111,广东省,440000,韶关市,440200,12.5050104581
2202,20070112,广东省,440000,韶关市,440200,9.58268880844
2203,20070113,广东省,440000,韶关市,440200,9.85957824267
2204,20070114,广东省,440000,韶关市,440200,11.5003164487
2205,20070115,广东省,440000,韶关市,440200,12.9002026778
2206,20070116,广东省,440000,韶关市,440200,12.940265521
2207,20070117,广东省,440000,韶关市,440200,8.5150381235
2208,20070118,广东省,440000,韶关市,440200,9.37261136373
2209,20070119,广东省,440000,韶关市,440200,10.1068593172
2210,20070120,广东省,440000,韶关市,440200,8.94377699876
2211,20070121,广东省,440000,韶关市,440200,8.40956944686
2212,20070122,广东省,440000,韶关市,440200,9.32530713693
2213,20070123,广东省,440000,韶关市,440200,9.25547664593
2214,20070124,广东省,440000,韶关市,440200,7.77090386855
2215,20070125,广东省,440000,韶关市,440200,8.25259809005
2216,20070126,广东省,440000,韶关市,440200,7.35342207933
2217,20070127,广东省,440000,韶关市,440200,10.223842303
2218,20070128,广东省,440000,韶关市,440200,9.10441068503
2219,20070129,广东省,440000,韶关市,440200,9.53895999224
2220,20070130,广东省,440000,韶关市,440200,11.1676394145
2221,20070131,广东省,440000,韶关市,440200,12.4497780433
2222,20070201,广东省,440000,韶关市,440200,10.6388699703
2223,20070202,广东省,440000,韶关市,440200,9.90301264249
2224,20070203,广东省,440000,韶关市,440200,11.1278719535
2225,20070204,广东省,440000,韶关市,440200,13.1597608175
2226,20070205,广东省,440000,韶关市,440200,15.2030091897
2227,20070206,广东省,440000,韶关市,440200,16.9016081003
2228,20070207,广东省,440000,韶关市,440200,18.5666749905
2229,20070208,广东省,440000,韶关市,440200,19.3242925986
2230,20070209,广东省,440000,韶关市,440200,18.3936079221
2231,20070210,广东省,440000,韶关市,440200,13.9379854691
2232,20070211,广东省,440000,韶关市,440200,17.3015632385
2233,20070212,广东省,440000,韶关市,440200,19.5926470634
2234,20070213,广东省,440000,韶关市,440200,20.1567296248
2235,20070214,广东省,440000,韶关市,440200,15.7929427318
2236,20070215,广东省,440000,韶关市,440200,14.9020738846
2237,20070216,广东省,440000,韶关市,440200,18.4839674143
2238,20070217,广东省,440000,韶关市,440200,17.7470028217
2239,20070218,广东省,440000,韶关市,440200,13.3873980106
2240,20070219,广东省,440000,韶关市,440200,13.497099852
2241,20070220,广东省,440000,韶关市,440200,14.5131437595
2242,20070221,广东省,440000,韶关市,440200,15.311127198
2243,20070222,广东省,440000,韶关市,440200,15.4017956073
2244,20070223,广东省,440000,韶关市,440200,18.6253330035
2245,20070224,广东省,440000,韶关市,440200,16.3244103652
2246,20070225,广东省,440000,韶关市,440200,16.819810745
2247,20070226,广东省,440000,韶关市,440200,18.4020067851
2248,20070227,广东省,440000,韶关市,440200,17.7269696945
2249,20070228,广东省,440000,韶关市,440200,18.0302201296
2250,20070301,广东省,440000,韶关市,440200,17.7013077858
2251,20070302,广东省,440000,韶关市,440200,21.0740854801
2252,20070303,广东省,440000,韶关市,440200,22.6203004397
2253,20070304,广东省,440000,韶关市,440200,17.6581415274
2254,20070305,广东省,440000,韶关市,440200,13.3180700449
2255,20070306,广东省,440000,韶关市,440200,7.11745430873
2256,20070307,广东省,440000,韶关市,440200,6.85501313821
2257,20070308,广东省,440000,韶关市,440200,8.05106023642
2258,20070309,广东省,440000,韶关市,440200,10.4939536804
2259,20070310,广东省,440000,韶关市,440200,11.9733136495
2260,20070311,广东省,440000,韶关市,440200,11.7428773978
2261,20070312,广东省,440000,韶关市,440200,12.4176109021
2262,20070313,广东省,440000,韶关市,440200,15.357948939
2263,20070314,广东省,440000,韶关市,440200,18.0197782516
2264,20070315,广东省,440000,韶关市,440200,18.7422965123
2265,20070316,广东省,440000,韶关市,440200,16.1617665169
2266,20070317,广东省,440000,韶关市,440200,11.8300779538
2267,20070318,广东省,440000,韶关市,440200,10.3985352272
2268,20070319,广东省,440000,韶关市,440200,11.3447455626
2269,20070320,广东省,440000,韶关市,440200,13.0624829806
2270,20070321,广东省,440000,韶关市,440200,16.2886750392
2271,20070322,广东省,440000,韶关市,440200,20.4679936629
2272,20070323,广东省,440000,韶关市,440200,21.6337273427
2273,20070324,广东省,440000,韶关市,440200,21.024821746
2274,20070325,广东省,440000,韶关市,440200,20.0943274376
2275,20070326,广东省,440000,韶关市,440200,21.1487043821
2276,20070327,广东省,440000,韶关市,440200,19.1400320102
2277,20070328,广东省,440000,韶关市,440200,19.836814538
2278,20070329,广东省,440000,韶关市,440200,23.7368770012
2279,20070330,广东省,440000,韶关市,440200,25.5268276899
2280,20070331,广东省,440000,韶关市,440200,25.4180462666
2281,20070401,广东省,440000,韶关市,440200,23.4202669584
2282,20070402,广东省,440000,韶关市,440200,15.3565902221
2283,20070403,广东省,440000,韶关市,440200,10.7028240791
2284,20070404,广东省,440000,韶关市,440200,9.74577143253
2285,20070405,广东省,440000,韶关市,440200,11.1616725433
2286,20070406,广东省,440000,韶关市,440200,13.5858123241
2287,20070407,广东省,440000,韶关市,440200,15.2468952521
2288,20070408,广东省,440000,韶关市,440200,16.7027949798
2289,20070409,广东省,440000,韶关市,440200,17.4899257758
2290,20070410,广东省,440000,韶关市,440200,16.272682679
2291,20070411,广东省,440000,韶关市,440200,18.7502311315
2292,20070412,广东省,440000,韶关市,440200,20.2028473585
2293,20070413,广东省,440000,韶关市,440200,22.1581594027
2294,20070414,广东省,440000,韶关市,440200,21.4962497613
2295,20070415,广东省,440000,韶关市,440200,24.0586497478
2296,20070416,广东省,440000,韶关市,440200,25.5324604817
2297,20070417,广东省,440000,韶关市,440200,18.921548012
2298,20070418,广东省,440000,韶关市,440200,18.0495708172
2299,20070419,广东省,440000,韶关市,440200,22.1491404313
2300,20070420,广东省,440000,韶关市,440200,23.1554494026
2301,20070421,广东省,440000,韶关市,440200,23.8186470423
2302,20070422,广东省,440000,韶关市,440200,24.2965891911
2303,20070423,广东省,440000,韶关市,440200,21.992571953
2304,20070424,广东省,440000,韶关市,440200,18.1844673157
2305,20070425,广东省,440000,韶关市,440200,19.0755202465
2306,20070426,广东省,440000,韶关市,440200,22.4483064994
2307,20070427,广东省,440000,韶关市,440200,22.73820657
2308,20070428,广东省,440000,韶关市,440200,20.1196837792
2309,20070429,广东省,440000,韶关市,440200,19.9894427764
2310,20070430,广东省,440000,韶关市,440200,21.1907887092
2311,20070501,广东省,440000,韶关市,440200,23.4177856445
2312,20070502,广东省,440000,韶关市,440200,25.3888646639
2313,20070503,广东省,440000,韶关市,440200,26.4238851987
2314,20070504,广东省,440000,韶关市,440200,21.2178030748
2315,20070505,广东省,440000,韶关市,440200,22.1499123696
2316,20070506,广东省,440000,韶关市,440200,24.0474909758
2317,20070507,广东省,440000,韶关市,440200,24.9450755486
2318,20070508,广东省,440000,韶关市,440200,25.2117172632
2319,20070509,广东省,440000,韶关市,440200,25.6397962326
2320,20070510,广东省,440000,韶关市,440200,27.4531710698
2321,20070511,广东省,440000,韶关市,440200,27.9425527132
2322,20070512,广东省,440000,韶关市,440200,23.6629752624
2323,20070513,广东省,440000,韶关市,440200,23.4238026448
2324,20070514,广东省,440000,韶关市,440200,26.5960068825
2325,20070515,广东省,440000,韶关市,440200,28.5275218181
2326,20070516,广东省,440000,韶关市,440200,24.63988534
2327,20070517,广东省,440000,韶关市,440200,23.9374633202
2328,20070518,广东省,440000,韶关市,440200,22.1259770027
2329,20070519,广东省,440000,韶关市,440200,21.6134478251
2330,20070520,广东省,440000,韶关市,440200,23.2466020829
2331,20070521,广东省,440000,韶关市,440200,25.0326730777
2332,20070522,广东省,440000,韶关市,440200,25.6897804554
2333,20070523,广东省,440000,韶关市,440200,28.7661757836
2334,20070524,广东省,440000,韶关市,440200,28.2394596491
2335,20070525,广东省,440000,韶关市,440200,26.0166521317
2336,20070526,广东省,440000,韶关市,440200,24.4995408669
2337,20070527,广东省,440000,韶关市,440200,26.4588663639
2338,20070528,广东省,440000,韶关市,440200,27.1231661576
2339,20070529,广东省,440000,韶关市,440200,28.4263426463
2340,20070530,广东省,440000,韶关市,440200,29.6959118965
2341,20070531,广东省,440000,韶关市,440200,29.6870144575
2342,20070601,广东省,440000,韶关市,440200,29.1973791367
2343,20070602,广东省,440000,韶关市,440200,26.5348027058
2344,20070603,广东省,440000,韶关市,440200,26.839458221
2345,20070604,广东省,440000,韶关市,440200,26.7411946517
2346,20070605,广东省,440000,韶关市,440200,26.2114597223
2347,20070606,广东省,440000,韶关市,440200,26.4410842015
2348,20070607,广东省,440000,韶关市,440200,25.3354713733
2349,20070608,广东省,440000,韶关市,440200,25.9636296003
2350,20070609,广东省,440000,韶关市,440200,24.3421564836
2351,20070610,广东省,440000,韶关市,440200,25.9801006806
2352,20070611,广东省,440000,韶关市,440200,26.9498446049
2353,20070612,广东省,440000,韶关市,440200,25.2991725237
2354,20070613,广东省,440000,韶关市,440200,25.4328344296
2355,20070614,广东省,440000,韶关市,440200,24.0936577626
2356,20070615,广东省,440000,韶关市,440200,26.7812815446
2357,20070616,广东省,440000,韶关市,440200,27.724211326
2358,20070617,广东省,440000,韶关市,440200,26.3614810063
2359,20070618,广东省,440000,韶关市,440200,27.6694261111
2360,20070619,广东省,440000,韶关市,440200,28.9701692141
2361,20070620,广东省,440000,韶关市,440200,29.4372664232
2362,20070621,广东省,440000,韶关市,440200,29.8609069433
2363,20070622,广东省,440000,韶关市,440200,30.6073397123
2364,20070623,广东省,440000,韶关市,440200,31.0798729138
2365,20070624,广东省,440000,韶关市,440200,31.1365180871
2366,20070625,广东省,440000,韶关市,440200,30.5571647546
2367,20070626,广东省,440000,韶关市,440200,30.5206401532
2368,20070627,广东省,440000,韶关市,440200,28.5140365698
2369,20070628,广东省,440000,韶关市,440200,27.3807880206
2370,20070629,广东省,440000,韶关市,440200,26.9601971064
2371,20070630,广东省,440000,韶关市,440200,26.671373025
2372,20070701,广东省,440000,韶关市,440200,27.2892230596
2373,20070702,广东省,440000,韶关市,440200,27.6553356464
2374,20070703,广东省,440000,韶关市,440200,29.1287005009
2375,20070704,广东省,440000,韶关市,440200,29.2217283493
2376,20070705,广东省,440000,韶关市,440200,28.8380427727
2377,20070706,广东省,440000,韶关市,440200,28.9000189365
2378,20070707,广东省,440000,韶关市,440200,30.3607236422
2379,20070708,广东省,440000,韶关市,440200,30.3963589791
2380,20070709,广东省,440000,韶关市,440200,30.3182357886
2381,20070710,广东省,440000,韶关市,440200,30.1800990471
2382,20070711,广东省,440000,韶关市,440200,30.8484813984
2383,20070712,广东省,440000,韶关市,440200,30.7411557711
2384,20070713,广东省,440000,韶关市,440200,31.1044638707
2385,20070714,广东省,440000,韶关市,440200,30.8257095141
2386,20070715,广东省,440000,韶关市,440200,30.7652885241
2387,20070716,广东省,440000,韶关市,440200,31.3891463647
2388,20070717,广东省,440000,韶关市,440200,30.5987036289
2389,20070718,广东省,440000,韶关市,440200,30.3475824992
2390,20070719,广东省,440000,韶关市,440200,31.0748767364
2391,20070720,广东省,440000,韶关市,440200,31.0014507098
2392,20070721,广东省,440000,韶关市,440200,30.5298927992
2393,20070722,广东省,440000,韶关市,440200,30.8236710964
2394,20070723,广东省,440000,韶关市,440200,31.439551867
2395,20070724,广东省,440000,韶关市,440200,31.6429964701
2396,20070725,广东省,440000,韶关市,440200,31.3284820654
2397,20070726,广东省,440000,韶关市,440200,30.9777265695
2398,20070727,广东省,440000,韶关市,440200,31.0537039928
2399,20070728,广东省,440000,韶关市,440200,31.0694946876
2400,20070729,广东省,440000,韶关市,440200,31.3536375486
2401,20070730,广东省,440000,韶关市,440200,31.32618283
2402,20070731,广东省,440000,韶关市,440200,30.9540464939
2403,20070801,广东省,440000,韶关市,440200,31.2645790394
2404,20070802,广东省,440000,韶关市,440200,31.8048705077
2405,20070803,广东省,440000,韶关市,440200,31.9234365317
2406,20070804,广东省,440000,韶关市,440200,31.220184424
2407,20070805,广东省,440000,韶关市,440200,30.0236564049
2408,20070806,广东省,440000,韶关市,440200,30.1560561351
2409,20070807,广东省,440000,韶关市,440200,30.9363180796
2410,20070808,广东省,440000,韶关市,440200,31.0073199639
2411,20070809,广东省,440000,韶关市,440200,29.5841712463
2412,20070810,广东省,440000,韶关市,440200,29.3915158296
2413,20070811,广东省,440000,韶关市,440200,28.0979979099
2414,20070812,广东省,440000,韶关市,440200,28.3636049124
2415,20070813,广东省,440000,韶关市,440200,27.3816964076
2416,20070814,广东省,440000,韶关市,440200,25.85871002
2417,20070815,广东省,440000,韶关市,440200,26.4070781317
2418,20070816,广东省,440000,韶关市,440200,24.8142731495
2419,20070817,广东省,440000,韶关市,440200,28.2038130638
2420,20070818,广东省,440000,韶关市,440200,28.9602350088
2421,20070819,广东省,440000,韶关市,440200,28.9726221623
2422,20070820,广东省,440000,韶关市,440200,25.9542916127
2423,20070821,广东省,440000,韶关市,440200,25.1584738707
2424,20070822,广东省,440000,韶关市,440200,25.7200498825
2425,20070823,广东省,440000,韶关市,440200,26.9093536964
2426,20070824,广东省,440000,韶关市,440200,27.2472721491
2427,20070825,广东省,440000,韶关市,440200,26.7251603053
2428,20070826,广东省,440000,韶关市,440200,27.3858254262
2429,20070827,广东省,440000,韶关市,440200,26.9060272804
2430,20070828,广东省,440000,韶关市,440200,27.9211459038
2431,20070829,广东省,440000,韶关市,440200,29.0972912128
2432,20070830,广东省,440000,韶关市,440200,29.1210472889
2433,20070831,广东省,440000,韶关市,440200,28.6644263634
2434,20070901,广东省,440000,韶关市,440200,26.8061896104
2435,20070902,广东省,440000,韶关市,440200,26.070256062
2436,20070903,广东省,440000,韶关市,440200,25.0508572505
2437,20070904,广东省,440000,韶关市,440200,23.3927140847
2438,20070905,广东省,440000,韶关市,440200,23.1495245909
2439,20070906,广东省,440000,韶关市,440200,24.5941058428
2440,20070907,广东省,440000,韶关市,440200,25.958160058
2441,20070908,广东省,440000,韶关市,440200,26.840733846
2442,20070909,广东省,440000,韶关市,440200,25.8392080649
2443,20070910,广东省,440000,韶关市,440200,25.4334271749
2444,20070911,广东省,440000,韶关市,440200,25.5142042209
2445,20070912,广东省,440000,韶关市,440200,26.7941283202
2446,20070913,广东省,440000,韶关市,440200,27.7727813232
2447,20070914,广东省,440000,韶关市,440200,27.8103160858
2448,20070915,广东省,440000,韶关市,440200,26.5141664163
2449,20070916,广东省,440000,韶关市,440200,26.4726495009
2450,20070917,广东省,440000,韶关市,440200,26.9307548327
2451,20070918,广东省,440000,韶关市,440200,26.5365852943
2452,20070919,广东省,440000,韶关市,440200,25.7309739529
2453,20070920,广东省,440000,韶关市,440200,25.9664748754
2454,20070921,广东省,440000,韶关市,440200,26.2619194618
2455,20070922,广东省,440000,韶关市,440200,26.3543830774
2456,20070923,广东省,440000,韶关市,440200,23.2769404191
2457,20070924,广东省,440000,韶关市,440200,24.471495017
2458,20070925,广东省,440000,韶关市,440200,26.3654173827
2459,20070926,广东省,440000,韶关市,440200,27.4173793304
2460,20070927,广东省,440000,韶关市,440200,27.8324387379
2461,20070928,广东省,440000,韶关市,440200,27.9811272743
2462,20070929,广东省,440000,韶关市,440200,27.4497066889
2463,20070930,广东省,440000,韶关市,440200,26.4197001335
2464,20071001,广东省,440000,韶关市,440200,27.6795775585
2465,20071002,广东省,440000,韶关市,440200,26.2968617953
2466,20071003,广东省,440000,韶关市,440200,26.2587477366
2467,20071004,广东省,440000,韶关市,440200,27.4621046017
2468,20071005,广东省,440000,韶关市,440200,27.4379051893
2469,20071006,广东省,440000,韶关市,440200,27.6296572563
2470,20071007,广东省,440000,韶关市,440200,28.2712492821
2471,20071008,广东省,440000,韶关市,440200,23.3430249141
2472,20071009,广东省,440000,韶关市,440200,21.9179503612
2473,20071010,广东省,440000,韶关市,440200,22.8924892621
2474,20071011,广东省,440000,韶关市,440200,24.8531452081
2475,20071012,广东省,440000,韶关市,440200,25.3501267066
2476,20071013,广东省,440000,韶关市,440200,23.1988079854
2477,20071014,广东省,440000,韶关市,440200,21.1686475216
2478,20071015,广东省,440000,韶关市,440200,19.8474479088
2479,20071016,广东省,440000,韶关市,440200,18.8366400401
2480,20071017,广东省,440000,韶关市,440200,19.5870688512
2481,20071018,广东省,440000,韶关市,440200,21.0135539128
2482,20071019,广东省,440000,韶关市,440200,20.7503134899
2483,20071020,广东省,440000,韶关市,440200,20.0477708181
2484,20071021,广东省,440000,韶关市,440200,20.3667409848
2485,20071022,广东省,440000,韶关市,440200,21.30507298
2486,20071023,广东省,440000,韶关市,440200,22.3451769902
2487,20071024,广东省,440000,韶关市,440200,22.6815869258
2488,20071025,广东省,440000,韶关市,440200,23.485965093
2489,20071026,广东省,440000,韶关市,440200,22.8965525994
2490,20071027,广东省,440000,韶关市,440200,22.8449679644
2491,20071028,广东省,440000,韶关市,440200,23.2399576627
2492,20071029,广东省,440000,韶关市,440200,20.0422452291
2493,20071030,广东省,440000,韶关市,440200,18.9538183212
2494,20071031,广东省,440000,韶关市,440200,17.6268341602
2495,20071101,广东省,440000,韶关市,440200,15.3925753129
2496,20071102,广东省,440000,韶关市,440200,16.6531052956
2497,20071103,广东省,440000,韶关市,440200,17.8502730101
2498,20071104,广东省,440000,韶关市,440200,18.4839444772
2499,20071105,广东省,440000,韶关市,440200,19.0525905414
2500,20071106,广东省,440000,韶关市,440200,19.2844241705
2501,20071107,广东省,440000,韶关市,440200,19.0585510058
2502,20071108,广东省,440000,韶关市,440200,19.6020064232
2503,20071109,广东省,440000,韶关市,440200,18.8696058713
2504,20071110,广东省,440000,韶关市,440200,17.9868254539
2505,20071111,广东省,440000,韶关市,440200,17.1557726004
2506,20071112,广东省,440000,韶关市,440200,17.3314072047
2507,20071113,广东省,440000,韶关市,440200,18.6328455607
2508,20071114,广东省,440000,韶关市,440200,20.0355781653
2509,20071115,广东省,440000,韶关市,440200,20.6579777155
2510,20071116,广东省,440000,韶关市,440200,20.1011979274
2511,20071117,广东省,440000,韶关市,440200,18.228304325
2512,20071118,广东省,440000,韶关市,440200,15.0573659065
2513,20071119,广东省,440000,韶关市,440200,14.6436887399
2514,20071120,广东省,440000,韶关市,440200,15.6496432622
2515,20071121,广东省,440000,韶关市,440200,16.3543120653
2516,20071122,广东省,440000,韶关市,440200,16.0751184072
2517,20071123,广东省,440000,韶关市,440200,16.7559832304
2518,20071124,广东省,440000,韶关市,440200,17.22660901
2519,20071125,广东省,440000,韶关市,440200,18.3541397193
2520,20071126,广东省,440000,韶关市,440200,16.9705237853
2521,20071127,广东省,440000,韶关市,440200,12.8845743522
2522,20071128,广东省,440000,韶关市,440200,10.6242901729
2523,20071129,广东省,440000,韶关市,440200,11.1736732385
2524,20071130,广东省,440000,韶关市,440200,11.7550624945
2525,20071201,广东省,440000,韶关市,440200,14.6910219193
2526,20071202,广东省,440000,韶关市,440200,15.6596280367
2527,20071203,广东省,440000,韶关市,440200,12.8298718135
2528,20071204,广东省,440000,韶关市,440200,12.977779095
2529,20071205,广东省,440000,韶关市,440200,12.6661001597
2530,20071206,广东省,440000,韶关市,440200,13.4550120769
2531,20071207,广东省,440000,韶关市,440200,11.3447846388
2532,20071208,广东省,440000,韶关市,440200,11.9419297438
2533,20071209,广东省,440000,韶关市,440200,15.2142480459
2534,20071210,广东省,440000,韶关市,440200,16.9898140736
2535,20071211,广东省,440000,韶关市,440200,19.2436696566
2536,20071212,广东省,440000,韶关市,440200,18.3159042016
2537,20071213,广东省,440000,韶关市,440200,13.1361333651
2538,20071214,广东省,440000,韶关市,440200,14.4177450522
2539,20071215,广东省,440000,韶关市,440200,14.9660122211
2540,20071216,广东省,440000,韶关市,440200,16.4175164394
2541,20071217,广东省,440000,韶关市,440200,16.825582113
2542,20071218,广东省,440000,韶关市,440200,13.601152469
2543,20071219,广东省,440000,韶关市,440200,12.6877075097
2544,20071220,广东省,440000,韶关市,440200,14.7376480103
2545,20071221,广东省,440000,韶关市,440200,16.620027322
2546,20071222,广东省,440000,韶关市,440200,13.4362792969
2547,20071223,广东省,440000,韶关市,440200,11.5877945973
2548,20071224,广东省,440000,韶关市,440200,12.8952148878
2549,20071225,广东省,440000,韶关市,440200,12.3464472844
2550,20071226,广东省,440000,韶关市,440200,13.8016214371
2551,20071227,广东省,440000,韶关市,440200,15.7653851876
2552,20071228,广东省,440000,韶关市,440200,13.857435471
2553,20071229,广东省,440000,韶关市,440200,11.7244749314
2554,20071230,广东省,440000,韶关市,440200,10.4094096697
2555,20071231,广东省,440000,韶关市,440200,9.42720548923
2556,20080101,广东省,440000,韶关市,440200,8.68571061354
2557,20080102,广东省,440000,韶关市,440200,7.3331667949
2558,20080103,广东省,440000,韶关市,440200,8.64526126324
2559,20080104,广东省,440000,韶关市,440200,10.0275800412
2560,20080105,广东省,440000,韶关市,440200,11.036532182
2561,20080106,广东省,440000,韶关市,440200,13.036722281
2562,20080107,广东省,440000,韶关市,440200,14.6873825513
2563,20080108,广东省,440000,韶关市,440200,16.2137295405
2564,20080109,广东省,440000,韶关市,440200,17.8853330857
2565,20080110,广东省,440000,韶关市,440200,20.9269380814
2566,20080111,广东省,440000,韶关市,440200,21.1850026449
2567,20080112,广东省,440000,韶关市,440200,14.1020805163
2568,20080113,广东省,440000,韶关市,440200,7.43438180288
2569,20080114,广东省,440000,韶关市,440200,6.98528840603
2570,20080115,广东省,440000,韶关市,440200,5.66198092241
2571,20080116,广东省,440000,韶关市,440200,5.53695205542
2572,20080117,广东省,440000,韶关市,440200,5.01136973271
2573,20080118,广东省,440000,韶关市,440200,7.9425070836
2574,20080119,广东省,440000,韶关市,440200,9.75536075005
2575,20080120,广东省,440000,韶关市,440200,8.26881274199
2576,20080121,广东省,440000,韶关市,440200,6.41829049893
2577,20080122,广东省,440000,韶关市,440200,6.83650521743
2578,20080123,广东省,440000,韶关市,440200,7.45610517111
2579,20080124,广东省,440000,韶关市,440200,6.02204716511
2580,20080125,广东省,440000,韶关市,440200,3.86089070485
2581,20080126,广东省,440000,韶关市,440200,3.01524288991
2582,20080127,广东省,440000,韶关市,440200,2.80663709228
2583,20080128,广东省,440000,韶关市,440200,3.57395837093
2584,20080129,广东省,440000,韶关市,440200,4.01123179839
2585,20080130,广东省,440000,韶关市,440200,3.10480619088
2586,20080131,广东省,440000,韶关市,440200,2.86624581233
2587,20080201,广东省,440000,韶关市,440200,2.9973451052
2588,20080202,广东省,440000,韶关市,440200,2.94071170764
2589,20080203,广东省,440000,韶关市,440200,4.05717613453
2590,20080204,广东省,440000,韶关市,440200,5.47351469138
2591,20080205,广东省,440000,韶关市,440200,5.01863893484
2592,20080206,广东省,440000,韶关市,440200,5.42533982106
2593,20080207,广东省,440000,韶关市,440200,6.0183779582
2594,20080208,广东省,440000,韶关市,440200,6.60300866151
2595,20080209,广东省,440000,韶关市,440200,7.0110401985
2596,20080210,广东省,440000,韶关市,440200,6.89822999636
2597,20080211,广东省,440000,韶关市,440200,4.22541993704
2598,20080212,广东省,440000,韶关市,440200,7.14669030752
2599,20080213,广东省,440000,韶关市,440200,8.38949867395
2600,20080214,广东省,440000,韶关市,440200,7.52307197375
2601,20080215,广东省,440000,韶关市,440200,8.42998373814
2602,20080216,广东省,440000,韶关市,440200,9.67335197253
2603,20080217,广东省,440000,韶关市,440200,10.2875494835
2604,20080218,广东省,440000,韶关市,440200,10.381343866
2605,20080219,广东省,440000,韶关市,440200,10.7520484191
2606,20080220,广东省,440000,韶关市,440200,12.7755770072
2607,20080221,广东省,440000,韶关市,440200,15.1996247707
2608,20080222,广东省,440000,韶关市,440200,19.138001662
2609,20080223,广东省,440000,韶关市,440200,19.6388230935
2610,20080224,广东省,440000,韶关市,440200,17.221184755
2611,20080225,广东省,440000,韶关市,440200,12.4965495941
2612,20080226,广东省,440000,韶关市,440200,7.26515169633
2613,20080227,广东省,440000,韶关市,440200,9.91850373684
2614,20080228,广东省,440000,韶关市,440200,12.4160711337
2615,20080229,广东省,440000,韶关市,440200,10.4224770619
2616,20080301,广东省,440000,韶关市,440200,13.0033018161
2617,20080302,广东省,440000,韶关市,440200,14.6548647269
2618,20080303,广东省,440000,韶关市,440200,15.9425131969
2619,20080304,广东省,440000,韶关市,440200,15.062365752
2620,20080305,广东省,440000,韶关市,440200,15.8018683165
2621,20080306,广东省,440000,韶关市,440200,17.4865723634
2622,20080307,广东省,440000,韶关市,440200,16.9237397756
2623,20080308,广东省,440000,韶关市,440200,13.9010280462
2624,20080309,广东省,440000,韶关市,440200,18.0211825249
2625,20080310,广东省,440000,韶关市,440200,17.5651775262
2626,20080311,广东省,440000,韶关市,440200,18.5070179181
2627,20080312,广东省,440000,韶关市,440200,21.2846010159
2628,20080313,广东省,440000,韶关市,440200,18.2231831184
2629,20080314,广东省,440000,韶关市,440200,18.6812244807
2630,20080315,广东省,440000,韶关市,440200,18.9415132082
2631,20080316,广东省,440000,韶关市,440200,21.0774235848
2632,20080317,广东省,440000,韶关市,440200,19.6935971089
2633,20080318,广东省,440000,韶关市,440200,20.2305622101
2634,20080319,广东省,440000,韶关市,440200,21.1821818719
2635,20080320,广东省,440000,韶关市,440200,18.483062304
2636,20080321,广东省,440000,韶关市,440200,19.3490728232
2637,20080322,广东省,440000,韶关市,440200,16.1336962382
2638,20080323,广东省,440000,韶关市,440200,17.1475256162
2639,20080324,广东省,440000,韶关市,440200,19.0119087513
2640,20080325,广东省,440000,韶关市,440200,15.726869143
2641,20080326,广东省,440000,韶关市,440200,18.3914586092
2642,20080327,广东省,440000,韶关市,440200,21.2681786464
2643,20080328,广东省,440000,韶关市,440200,20.3369093675
2644,20080329,广东省,440000,韶关市,440200,21.2628197792
2645,20080330,广东省,440000,韶关市,440200,15.0855659338
2646,20080331,广东省,440000,韶关市,440200,12.6854827587
2647,20080401,广东省,440000,韶关市,440200,13.7363765912
2648,20080402,广东省,440000,韶关市,440200,13.4385176928
2649,20080403,广东省,440000,韶关市,440200,15.111625598
2650,20080404,广东省,440000,韶关市,440200,17.7637823545
2651,20080405,广东省,440000,韶关市,440200,22.6081943512
2652,20080406,广东省,440000,韶关市,440200,25.2574283893
2653,20080407,广东省,440000,韶关市,440200,26.7789262136
2654,20080408,广东省,440000,韶关市,440200,26.683592723
2655,20080409,广东省,440000,韶关市,440200,26.1538432684
2656,20080410,广东省,440000,韶关市,440200,25.1080096807
2657,20080411,广东省,440000,韶关市,440200,23.2287612328
2658,20080412,广东省,440000,韶关市,440200,19.3327159882
2659,20080413,广东省,440000,韶关市,440200,18.6626705757
2660,20080414,广东省,440000,韶关市,440200,21.3845669184
2661,20080415,广东省,440000,韶关市,440200,23.4190027775
2662,20080416,广东省,440000,韶关市,440200,22.994822331
2663,20080417,广东省,440000,韶关市,440200,23.2011198386
2664,20080418,广东省,440000,韶关市,440200,25.4146028665
2665,20080419,广东省,440000,韶关市,440200,23.6227681087
2666,20080420,广东省,440000,韶关市,440200,24.590457525
2667,20080421,广东省,440000,韶关市,440200,22.929147378
2668,20080422,广东省,440000,韶关市,440200,18.7148307165
2669,20080423,广东省,440000,韶关市,440200,17.747283422
2670,20080424,广东省,440000,韶关市,440200,20.2431567265
2671,20080425,广东省,440000,韶关市,440200,19.46039371
2672,20080426,广东省,440000,韶关市,440200,23.0129839579
2673,20080427,广东省,440000,韶关市,440200,18.6176305918
2674,20080428,广东省,440000,韶关市,440200,21.1276766948
2675,20080429,广东省,440000,韶关市,440200,23.2557630783
2676,20080430,广东省,440000,韶关市,440200,23.3395046821
2677,20080501,广东省,440000,韶关市,440200,25.1159170102
2678,20080502,广东省,440000,韶关市,440200,24.687194433
2679,20080503,广东省,440000,韶关市,440200,24.5617782397
2680,20080504,广东省,440000,韶关市,440200,24.2397323022
2681,20080505,广东省,440000,韶关市,440200,19.9166660309
2682,20080506,广东省,440000,韶关市,440200,20.6105219523
2683,20080507,广东省,440000,韶关市,440200,23.8040894728
2684,20080508,广东省,440000,韶关市,440200,26.9058917608
2685,20080509,广东省,440000,韶关市,440200,23.1211608006
2686,20080510,广东省,440000,韶关市,440200,21.1290339445
2687,20080511,广东省,440000,韶关市,440200,22.8678531158
2688,20080512,广东省,440000,韶关市,440200,24.5880378821
2689,20080513,广东省,440000,韶关市,440200,24.0736818558
2690,20080514,广东省,440000,韶关市,440200,24.3373122093
2691,20080515,广东省,440000,韶关市,440200,25.0330348382
2692,20080516,广东省,440000,韶关市,440200,26.070654111
2693,20080517,广东省,440000,韶关市,440200,24.7824658614
2694,20080518,广东省,440000,韶关市,440200,22.5157700563
2695,20080519,广东省,440000,韶关市,440200,22.0086502662
2696,20080520,广东省,440000,韶关市,440200,23.4610327696
2697,20080521,广东省,440000,韶关市,440200,23.3350175711
2698,20080522,广东省,440000,韶关市,440200,24.8846785717
2699,20080523,广东省,440000,韶关市,440200,27.0318640195
2700,20080524,广东省,440000,韶关市,440200,25.8746727185
2701,20080525,广东省,440000,韶关市,440200,25.7493300805
2702,20080526,广东省,440000,韶关市,440200,26.3620734093
2703,20080527,广东省,440000,韶关市,440200,27.5906665998
2704,20080528,广东省,440000,韶关市,440200,25.2183215312
2705,20080529,广东省,440000,韶关市,440200,25.6049680465
2706,20080530,广东省,440000,韶关市,440200,24.9068439679
2707,20080531,广东省,440000,韶关市,440200,24.0900007884
2708,20080601,广东省,440000,韶关市,440200,23.5724003621
2709,20080602,广东省,440000,韶关市,440200,25.4695400336
2710,20080603,广东省,440000,韶关市,440200,25.4035830865
2711,20080604,广东省,440000,韶关市,440200,27.0989155403
2712,20080605,广东省,440000,韶关市,440200,27.0950430846
2713,20080606,广东省,440000,韶关市,440200,23.235214429
2714,20080607,广东省,440000,韶关市,440200,25.5533493727
2715,20080608,广东省,440000,韶关市,440200,25.9865030142
2716,20080609,广东省,440000,韶关市,440200,26.3470378778
2717,20080610,广东省,440000,韶关市,440200,25.5624398941
2718,20080611,广东省,440000,韶关市,440200,26.7886711512
2719,20080612,广东省,440000,韶关市,440200,24.0128307832
2720,20080613,广东省,440000,韶关市,440200,24.0912467272
2721,20080614,广东省,440000,韶关市,440200,25.6557466556
2722,20080615,广东省,440000,韶关市,440200,26.3327323718
2723,20080616,广东省,440000,韶关市,440200,25.8171686026
2724,20080617,广东省,440000,韶关市,440200,24.5553499858
2725,20080618,广东省,440000,韶关市,440200,23.4026914743
2726,20080619,广东省,440000,韶关市,440200,27.2377341344
2727,20080620,广东省,440000,韶关市,440200,29.0959752401
2728,20080621,广东省,440000,韶关市,440200,29.1706243662
2729,20080622,广东省,440000,韶关市,440200,29.8880278269
2730,20080623,广东省,440000,韶关市,440200,30.3145574423
2731,20080624,广东省,440000,韶关市,440200,31.1410090618
2732,20080625,广东省,440000,韶关市,440200,27.7520149916
2733,20080626,广东省,440000,韶关市,440200,25.1558500437
2734,20080627,广东省,440000,韶关市,440200,26.0172426273
2735,20080628,广东省,440000,韶关市,440200,24.6473189134
2736,20080629,广东省,440000,韶关市,440200,24.56798485
2737,20080630,广东省,440000,韶关市,440200,27.1003439488
2738,20080701,广东省,440000,韶关市,440200,27.7064157144
2739,20080702,广东省,440000,韶关市,440200,28.917234323
2740,20080703,广东省,440000,韶关市,440200,29.5871694027
2741,20080704,广东省,440000,韶关市,440200,29.6630949363
2742,20080705,广东省,440000,韶关市,440200,29.9336628547
2743,20080706,广东省,440000,韶关市,440200,27.1898468702
2744,20080707,广东省,440000,韶关市,440200,26.0154998486
2745,20080708,广东省,440000,韶关市,440200,25.9560099871
2746,20080709,广东省,440000,韶关市,440200,27.0761713859
2747,20080710,广东省,440000,韶关市,440200,26.929193888
2748,20080711,广东省,440000,韶关市,440200,28.0753628168
2749,20080712,广东省,440000,韶关市,440200,27.9308844346
2750,20080713,广东省,440000,韶关市,440200,26.8708828657
2751,20080714,广东省,440000,韶关市,440200,27.9149094606
2752,20080715,广东省,440000,韶关市,440200,28.5779542678
2753,20080716,广东省,440000,韶关市,440200,29.5252895355
2754,20080717,广东省,440000,韶关市,440200,30.781559773
2755,20080718,广东省,440000,韶关市,440200,30.481813333
2756,20080719,广东省,440000,韶关市,440200,27.843297127
2757,20080720,广东省,440000,韶关市,440200,28.1820126069
2758,20080721,广东省,440000,韶关市,440200,28.7197866195
2759,20080722,广东省,440000,韶关市,440200,30.1999732287
2760,20080723,广东省,440000,韶关市,440200,30.5075008197
2761,20080724,广东省,440000,韶关市,440200,30.4510834523
2762,20080725,广东省,440000,韶关市,440200,31.0099401719
2763,20080726,广东省,440000,韶关市,440200,30.5563923273
2764,20080727,广东省,440000,韶关市,440200,30.4656104552
2765,20080728,广东省,440000,韶关市,440200,30.4122432807
2766,20080729,广东省,440000,韶关市,440200,29.3912381392
2767,20080730,广东省,440000,韶关市,440200,26.9005579337
2768,20080731,广东省,440000,韶关市,440200,27.1566509834
2769,20080801,广东省,440000,韶关市,440200,28.1430311448
2770,20080802,广东省,440000,韶关市,440200,28.4236810635
2771,20080803,广东省,440000,韶关市,440200,29.2289961301
2772,20080804,广东省,440000,韶关市,440200,29.6184760852
2773,20080805,广东省,440000,韶关市,440200,28.5676490588
2774,20080806,广东省,440000,韶关市,440200,27.0385055542
2775,20080807,广东省,440000,韶关市,440200,27.5604531704
2776,20080808,广东省,440000,韶关市,440200,27.4372399159
2777,20080809,广东省,440000,韶关市,440200,29.1409351642
2778,20080810,广东省,440000,韶关市,440200,28.2782042577
2779,20080811,广东省,440000,韶关市,440200,27.0648837945
2780,20080812,广东省,440000,韶关市,440200,27.335753123
2781,20080813,广东省,440000,韶关市,440200,29.4188384521
2782,20080814,广东省,440000,韶关市,440200,30.316165435
2783,20080815,广东省,440000,韶关市,440200,30.6594008421
2784,20080816,广东省,440000,韶关市,440200,30.3352461106
2785,20080817,广东省,440000,韶关市,440200,30.6323785537
2786,20080818,广东省,440000,韶关市,440200,30.5343994728
2787,20080819,广东省,440000,韶关市,440200,30.667374293
2788,20080820,广东省,440000,韶关市,440200,31.4476352594
2789,20080821,广东省,440000,韶关市,440200,31.0967127971
2790,20080822,广东省,440000,韶关市,440200,29.8965588105
2791,20080823,广东省,440000,韶关市,440200,25.8494220147
2792,20080824,广东省,440000,韶关市,440200,26.5292306558
2793,20080825,广东省,440000,韶关市,440200,28.3874864334
2794,20080826,广东省,440000,韶关市,440200,28.1504958715
2795,20080827,广东省,440000,韶关市,440200,27.6782309703
2796,20080828,广东省,440000,韶关市,440200,29.043432089
2797,20080829,广东省,440000,韶关市,440200,30.1989507431
2798,20080830,广东省,440000,韶关市,440200,29.779365295
2799,20080831,广东省,440000,韶关市,440200,27.6471709227
2800,20080901,广东省,440000,韶关市,440200,27.0605078477
2801,20080902,广东省,440000,韶关市,440200,27.2014864408
2802,20080903,广东省,440000,韶关市,440200,27.6462037013
2803,20080904,广东省,440000,韶关市,440200,25.7991723281
2804,20080905,广东省,440000,韶关市,440200,25.6228161836
2805,20080906,广东省,440000,韶关市,440200,26.3671537546
2806,20080907,广东省,440000,韶关市,440200,26.3389084156
2807,20080908,广东省,440000,韶关市,440200,26.8768710112
2808,20080909,广东省,440000,韶关市,440200,28.5064148536
2809,20080910,广东省,440000,韶关市,440200,29.4074875269
2810,20080911,广东省,440000,韶关市,440200,28.9596836873
2811,20080912,广东省,440000,韶关市,440200,27.8344282004
2812,20080913,广东省,440000,韶关市,440200,28.3364252922
2813,20080914,广东省,440000,韶关市,440200,28.1876444205
2814,20080915,广东省,440000,韶关市,440200,28.3805681864
2815,20080916,广东省,440000,韶关市,440200,29.1753455431
2816,20080917,广东省,440000,韶关市,440200,29.6493423168
2817,20080918,广东省,440000,韶关市,440200,28.2597166208
2818,20080919,广东省,440000,韶关市,440200,28.7768857418
2819,20080920,广东省,440000,韶关市,440200,29.6187661
2820,20080921,广东省,440000,韶关市,440200,30.1204032409
2821,20080922,广东省,440000,韶关市,440200,31.5003174513
2822,20080923,广东省,440000,韶关市,440200,29.8806124956
2823,20080924,广东省,440000,韶关市,440200,27.0576848739
2824,20080925,广东省,440000,韶关市,440200,27.7598094451
2825,20080926,广东省,440000,韶关市,440200,25.6248778319
2826,20080927,广东省,440000,韶关市,440200,24.0188489083
2827,20080928,广东省,440000,韶关市,440200,23.6044635773
2828,20080929,广东省,440000,韶关市,440200,23.0251697149
2829,20080930,广东省,440000,韶关市,440200,23.5331128927
2830,20081001,广东省,440000,韶关市,440200,23.2030376532
2831,20081002,广东省,440000,韶关市,440200,24.1049936735
2832,20081003,广东省,440000,韶关市,440200,26.4226023845
2833,20081004,广东省,440000,韶关市,440200,25.1892855718
2834,20081005,广东省,440000,韶关市,440200,21.3434764666
2835,20081006,广东省,440000,韶关市,440200,21.4176141788
2836,20081007,广东省,440000,韶关市,440200,22.2529584934
2837,20081008,广东省,440000,韶关市,440200,24.1418736776
2838,20081009,广东省,440000,韶关市,440200,25.2945903876
2839,20081010,广东省,440000,韶关市,440200,25.6454564119
2840,20081011,广东省,440000,韶关市,440200,24.4582135127
2841,20081012,广东省,440000,韶关市,440200,22.6537312728
2842,20081013,广东省,440000,韶关市,440200,21.3390843318
2843,20081014,广东省,440000,韶关市,440200,23.1244443258
2844,20081015,广东省,440000,韶关市,440200,24.3661152766
2845,20081016,广东省,440000,韶关市,440200,25.3282205142
2846,20081017,广东省,440000,韶关市,440200,26.3204896878
2847,20081018,广东省,440000,韶关市,440200,25.8426910792
2848,20081019,广东省,440000,韶关市,440200,25.4693136949
2849,20081020,广东省,440000,韶关市,440200,25.9830494416
2850,20081021,广东省,440000,韶关市,440200,26.1831135872
2851,20081022,广东省,440000,韶关市,440200,25.9024467957
2852,20081023,广东省,440000,韶关市,440200,23.7098344656
2853,20081024,广东省,440000,韶关市,440200,22.3203639495
2854,20081025,广东省,440000,韶关市,440200,22.3159597837
2855,20081026,广东省,440000,韶关市,440200,23.2674202063
2856,20081027,广东省,440000,韶关市,440200,20.945464012
2857,20081028,广东省,440000,韶关市,440200,23.1238446847
2858,20081029,广东省,440000,韶关市,440200,25.2665826357
2859,20081030,广东省,440000,韶关市,440200,24.8926384755
2860,20081031,广东省,440000,韶关市,440200,23.1660944621
2861,20081101,广东省,440000,韶关市,440200,22.9161991217
2862,20081102,广东省,440000,韶关市,440200,21.262640195
2863,20081103,广东省,440000,韶关市,440200,20.1285686982
2864,20081104,广东省,440000,韶关市,440200,20.5978796543
2865,20081105,广东省,440000,韶关市,440200,22.5844093225
2866,20081106,广东省,440000,韶关市,440200,23.7573362008
2867,20081107,广东省,440000,韶关市,440200,21.0215213482
2868,20081108,广东省,440000,韶关市,440200,17.0774408976
2869,20081109,广东省,440000,韶关市,440200,16.4622221238
2870,20081110,广东省,440000,韶关市,440200,15.4011601179
2871,20081111,广东省,440000,韶关市,440200,14.7102282108
2872,20081112,广东省,440000,韶关市,440200,14.6478910935
2873,20081113,广东省,440000,韶关市,440200,16.3735879018
2874,20081114,广东省,440000,韶关市,440200,18.0007457244
2875,20081115,广东省,440000,韶关市,440200,19.9545143323
2876,20081116,广东省,440000,韶关市,440200,20.0884283017
2877,20081117,广东省,440000,韶关市,440200,18.9268341064
2878,20081118,广东省,440000,韶关市,440200,14.7399661724
2879,20081119,广东省,440000,韶关市,440200,13.5433593652
2880,20081120,广东省,440000,韶关市,440200,13.1296622692
2881,20081121,广东省,440000,韶关市,440200,14.832826541
2882,20081122,广东省,440000,韶关市,440200,16.204918299
2883,20081123,广东省,440000,韶关市,440200,17.0914719899
2884,20081124,广东省,440000,韶关市,440200,15.4846660907
2885,20081125,广东省,440000,韶关市,440200,15.7077261607
2886,20081126,广东省,440000,韶关市,440200,16.4761819106
2887,20081127,广东省,440000,韶关市,440200,12.9008007783
2888,20081128,广东省,440000,韶关市,440200,10.1472295125
2889,20081129,广东省,440000,韶关市,440200,11.6952156654
2890,20081130,广东省,440000,韶关市,440200,11.9919645847
2891,20081201,广东省,440000,韶关市,440200,12.3309410535
2892,20081202,广东省,440000,韶关市,440200,13.4287245335
2893,20081203,广东省,440000,韶关市,440200,17.2852797875
2894,20081204,广东省,440000,韶关市,440200,14.5408906937
2895,20081205,广东省,440000,韶关市,440200,11.2725678468
2896,20081206,广东省,440000,韶关市,440200,9.44408653944
2897,20081207,广东省,440000,韶关市,440200,10.5531648489
2898,20081208,广东省,440000,韶关市,440200,11.091174468
2899,20081209,广东省,440000,韶关市,440200,11.6679816368
2900,20081210,广东省,440000,韶关市,440200,12.6685145941
2901,20081211,广东省,440000,韶关市,440200,13.702227299
2902,20081212,广东省,440000,韶关市,440200,15.3848798703
2903,20081213,广东省,440000,韶关市,440200,16.2744166056
2904,20081214,广东省,440000,韶关市,440200,11.8384636365
2905,20081215,广东省,440000,韶关市,440200,10.293917876
2906,20081216,广东省,440000,韶关市,440200,10.8662383984
2907,20081217,广东省,440000,韶关市,440200,12.214595648
2908,20081218,广东省,440000,韶关市,440200,13.1324006105
2909,20081219,广东省,440000,韶关市,440200,14.326066604
2910,20081220,广东省,440000,韶关市,440200,16.0123174129
2911,20081221,广东省,440000,韶关市,440200,14.460801418
2912,20081222,广东省,440000,韶关市,440200,5.18359319675
2913,20081223,广东省,440000,韶关市,440200,7.65971659391
2914,20081224,广东省,440000,韶关市,440200,11.1158152238
2915,20081225,广东省,440000,韶关市,440200,12.991015581
2916,20081226,广东省,440000,韶关市,440200,12.8820104354
2917,20081227,广东省,440000,韶关市,440200,12.466239269
2918,20081228,广东省,440000,韶关市,440200,13.5438776261
2919,20081229,广东省,440000,韶关市,440200,11.063099262
2920,20081230,广东省,440000,韶关市,440200,9.69020135586
2921,20081231,广东省,440000,韶关市,440200,8.08528450208
2922,20090101,广东省,440000,韶关市,440200,8.10773601287
2923,20090102,广东省,440000,韶关市,440200,7.2551399989
2924,20090103,广东省,440000,韶关市,440200,9.3186309032
2925,20090104,广东省,440000,韶关市,440200,11.4118459164
2926,20090105,广东省,440000,韶关市,440200,11.5583568475
2927,20090106,广东省,440000,韶关市,440200,10.4767403236
2928,20090107,广东省,440000,韶关市,440200,7.97975534659
2929,20090108,广东省,440000,韶关市,440200,7.31258183259
2930,20090109,广东省,440000,韶关市,440200,7.37941059699
2931,20090110,广东省,440000,韶关市,440200,5.72853929569
2932,20090111,广东省,440000,韶关市,440200,6.83132097049
2933,20090112,广东省,440000,韶关市,440200,8.37093833777
2934,20090113,广东省,440000,韶关市,440200,6.36819675641
2935,20090114,广东省,440000,韶关市,440200,7.18055405984
2936,20090115,广东省,440000,韶关市,440200,7.48651835857
2937,20090116,广东省,440000,韶关市,440200,9.18909449455
2938,20090117,广东省,440000,韶关市,440200,12.0204247695
2939,20090118,广东省,440000,韶关市,440200,14.2251225985
2940,20090119,广东省,440000,韶关市,440200,15.7476763848
2941,20090120,广东省,440000,韶关市,440200,16.7352617704
2942,20090121,广东省,440000,韶关市,440200,12.5893373
2943,20090122,广东省,440000,韶关市,440200,13.5921026866
2944,20090123,广东省,440000,韶关市,440200,8.08459663391
2945,20090124,广东省,440000,韶关市,440200,4.53294918476
2946,20090125,广东省,440000,韶关市,440200,5.70876367276
2947,20090126,广东省,440000,韶关市,440200,4.04401543813
2948,20090127,广东省,440000,韶关市,440200,5.48679876328
2949,20090128,广东省,440000,韶关市,440200,8.27423829299
2950,20090129,广东省,440000,韶关市,440200,10.0259740047
2951,20090130,广东省,440000,韶关市,440200,10.3452646549
2952,20090131,广东省,440000,韶关市,440200,12.5369267586
2953,20090201,广东省,440000,韶关市,440200,15.5083259191
2954,20090202,广东省,440000,韶关市,440200,17.2918107448
2955,20090203,广东省,440000,韶关市,440200,16.7889461762
2956,20090204,广东省,440000,韶关市,440200,16.8135804396
2957,20090205,广东省,440000,韶关市,440200,17.6466111159
2958,20090206,广东省,440000,韶关市,440200,16.78592073
2959,20090207,广东省,440000,韶关市,440200,16.7975277534
2960,20090208,广东省,440000,韶关市,440200,17.9622311225
2961,20090209,广东省,440000,韶关市,440200,17.7082626636
2962,20090210,广东省,440000,韶关市,440200,18.0071154863
2963,20090211,广东省,440000,韶关市,440200,20.6369878329
2964,20090212,广东省,440000,韶关市,440200,22.4143964816
2965,20090213,广东省,440000,韶关市,440200,22.9937098087
2966,20090214,广东省,440000,韶关市,440200,23.019032405
2967,20090215,广东省,440000,韶关市,440200,21.9841840695
2968,20090216,广东省,440000,韶关市,440200,18.0587931413
2969,20090217,广东省,440000,韶关市,440200,14.0384273529
2970,20090218,广东省,440000,韶关市,440200,17.7444652411
2971,20090219,广东省,440000,韶关市,440200,17.5052695152
2972,20090220,广东省,440000,韶关市,440200,13.1778395482
2973,20090221,广东省,440000,韶关市,440200,17.6039430667
2974,20090222,广东省,440000,韶关市,440200,20.2522329184
2975,20090223,广东省,440000,韶关市,440200,21.1752874668
2976,20090224,广东省,440000,韶关市,440200,24.4306379954
2977,20090225,广东省,440000,韶关市,440200,22.6910895568
2978,20090226,广东省,440000,韶关市,440200,19.1947582685
2979,20090227,广东省,440000,韶关市,440200,13.725149876
2980,20090228,广东省,440000,韶关市,440200,9.95016430586
2981,20090301,广东省,440000,韶关市,440200,8.81194118353
2982,20090302,广东省,440000,韶关市,440200,8.9151113828
2983,20090303,广东省,440000,韶关市,440200,8.62785575329
2984,20090304,广东省,440000,韶关市,440200,9.74019460189
2985,20090305,广东省,440000,韶关市,440200,10.23244211
2986,20090306,广东省,440000,韶关市,440200,9.03609266037
2987,20090307,广东省,440000,韶关市,440200,10.2100794621
2988,20090308,广东省,440000,韶关市,440200,10.109587327
2989,20090309,广东省,440000,韶关市,440200,13.6201934814
2990,20090310,广东省,440000,韶关市,440200,13.6445228626
2991,20090311,广东省,440000,韶关市,440200,15.9478511077
2992,20090312,广东省,440000,韶关市,440200,18.2646253292
2993,20090313,广东省,440000,韶关市,440200,9.99955802086
2994,20090314,广东省,440000,韶关市,440200,10.9371172098
2995,20090315,广东省,440000,韶关市,440200,14.4039550928
2996,20090316,广东省,440000,韶关市,440200,17.765397781
2997,20090317,广东省,440000,韶关市,440200,21.9995835622
2998,20090318,广东省,440000,韶关市,440200,22.9293528337
2999,20090319,广东省,440000,韶关市,440200,22.9634191562
3000,20090320,广东省,440000,韶关市,440200,24.264032853
3001,20090321,广东省,440000,韶关市,440200,24.1424647111
3002,20090322,广东省,440000,韶关市,440200,25.3666360317
3003,20090323,广东省,440000,韶关市,440200,21.7205045162
3004,20090324,广东省,440000,韶关市,440200,16.0825167436
3005,20090325,广东省,440000,韶关市,440200,15.2634044549
3006,20090326,广东省,440000,韶关市,440200,16.5060026707
3007,20090327,广东省,440000,韶关市,440200,17.8998808739
3008,20090328,广东省,440000,韶关市,440200,17.1855817452
3009,20090329,广东省,440000,韶关市,440200,14.5675843557
3010,20090330,广东省,440000,韶关市,440200,12.8663545755
3011,20090331,广东省,440000,韶关市,440200,14.6911100974
3012,20090401,广东省,440000,韶关市,440200,14.6336873861
3013,20090402,广东省,440000,韶关市,440200,14.3004833857
3014,20090403,广东省,440000,韶关市,440200,16.5988692993
3015,20090404,广东省,440000,韶关市,440200,18.1795548659
3016,20090405,广东省,440000,韶关市,440200,15.1011946996
3017,20090406,广东省,440000,韶关市,440200,15.785467588
3018,20090407,广东省,440000,韶关市,440200,17.9286795396
3019,20090408,广东省,440000,韶关市,440200,19.1448814196
3020,20090409,广东省,440000,韶关市,440200,17.1540001111
3021,20090410,广东省,440000,韶关市,440200,18.4842758179
3022,20090411,广东省,440000,韶关市,440200,21.7649560097
3023,20090412,广东省,440000,韶关市,440200,21.0849034236
3024,20090413,广东省,440000,韶关市,440200,21.1863567646
3025,20090414,广东省,440000,韶关市,440200,23.0431188437
3026,20090415,广东省,440000,韶关市,440200,24.2036910424
3027,20090416,广东省,440000,韶关市,440200,22.090795517
3028,20090417,广东省,440000,韶关市,440200,23.5536576785
3029,20090418,广东省,440000,韶关市,440200,22.1460599166
3030,20090419,广东省,440000,韶关市,440200,23.4035839179
3031,20090420,广东省,440000,韶关市,440200,23.2923903343
3032,20090421,广东省,440000,韶关市,440200,24.6851103367
3033,20090422,广东省,440000,韶关市,440200,24.5953833262
3034,20090423,广东省,440000,韶关市,440200,23.142534794
3035,20090424,广东省,440000,韶关市,440200,21.9410883097
3036,20090425,广东省,440000,韶关市,440200,18.0588903183
3037,20090426,广东省,440000,韶关市,440200,19.8872759892
3038,20090427,广东省,440000,韶关市,440200,21.4013471359
3039,20090428,广东省,440000,韶关市,440200,21.6952297993
3040,20090429,广东省,440000,韶关市,440200,20.9982748276
3041,20090430,广东省,440000,韶关市,440200,21.7561172094
3042,20090501,广东省,440000,韶关市,440200,24.3030238029
3043,20090502,广东省,440000,韶关市,440200,24.40595485
3044,20090503,广东省,440000,韶关市,440200,20.418027242
3045,20090504,广东省,440000,韶关市,440200,22.7566311665
3046,20090505,广东省,440000,韶关市,440200,24.4845295931
3047,20090506,广东省,440000,韶关市,440200,24.7885514773
3048,20090507,广东省,440000,韶关市,440200,23.4101573748
3049,20090508,广东省,440000,韶关市,440200,24.24596317
3050,20090509,广东省,440000,韶关市,440200,25.2341032273
3051,20090510,广东省,440000,韶关市,440200,26.0278253311
3052,20090511,广东省,440000,韶关市,440200,27.4112675985
3053,20090512,广东省,440000,韶关市,440200,28.4448467646
3054,20090513,广东省,440000,韶关市,440200,26.2797589913
3055,20090514,广东省,440000,韶关市,440200,26.2054632627
3056,20090515,广东省,440000,韶关市,440200,26.3832654708
3057,20090516,广东省,440000,韶关市,440200,25.5682939383
3058,20090517,广东省,440000,韶关市,440200,23.3654862917
3059,20090518,广东省,440000,韶关市,440200,22.0829515702
3060,20090519,广东省,440000,韶关市,440200,22.8064787449
3061,20090520,广东省,440000,韶关市,440200,22.9752443265
3062,20090521,广东省,440000,韶关市,440200,25.3694100502
3063,20090522,广东省,440000,韶关市,440200,24.5872336168
3064,20090523,广东省,440000,韶关市,440200,23.564034193
3065,20090524,广东省,440000,韶关市,440200,23.68837337
3066,20090525,广东省,440000,韶关市,440200,24.4775654719
3067,20090526,广东省,440000,韶关市,440200,25.1489163912
3068,20090527,广东省,440000,韶关市,440200,24.0545082581
3069,20090528,广东省,440000,韶关市,440200,21.8707595727
3070,20090529,广东省,440000,韶关市,440200,20.3918191959
3071,20090530,广东省,440000,韶关市,440200,23.6091995728
3072,20090531,广东省,440000,韶关市,440200,25.2886547186
3073,20090601,广东省,440000,韶关市,440200,26.5013219393
3074,20090602,广东省,440000,韶关市,440200,25.4493523133
3075,20090603,广东省,440000,韶关市,440200,23.209797688
3076,20090604,广东省,440000,韶关市,440200,24.5299485035
3077,20090605,广东省,440000,韶关市,440200,26.4168568636
3078,20090606,广东省,440000,韶关市,440200,27.9239317087
3079,20090607,广东省,440000,韶关市,440200,27.8900633592
3080,20090608,广东省,440000,韶关市,440200,26.680052097
3081,20090609,广东省,440000,韶关市,440200,26.4053344237
3082,20090610,广东省,440000,韶关市,440200,25.7047935877
3083,20090611,广东省,440000,韶关市,440200,25.0471332746
3084,20090612,广东省,440000,韶关市,440200,25.9710253202
3085,20090613,广东省,440000,韶关市,440200,25.6051476796
3086,20090614,广东省,440000,韶关市,440200,26.006648675
3087,20090615,广东省,440000,韶关市,440200,26.2871711438
3088,20090616,广东省,440000,韶关市,440200,26.1461186042
3089,20090617,广东省,440000,韶关市,440200,28.0025356488
3090,20090618,广东省,440000,韶关市,440200,29.0866392087
3091,20090619,广东省,440000,韶关市,440200,30.1533574813
3092,20090620,广东省,440000,韶关市,440200,29.5068583855
3093,20090621,广东省,440000,韶关市,440200,29.9076568408
3094,20090622,广东省,440000,韶关市,440200,26.5101184356
3095,20090623,广东省,440000,韶关市,440200,26.9765360417
3096,20090624,广东省,440000,韶关市,440200,27.0927043817
3097,20090625,广东省,440000,韶关市,440200,26.7175687643
3098,20090626,广东省,440000,韶关市,440200,27.6183213943
3099,20090627,广东省,440000,韶关市,440200,26.6675950564
3100,20090628,广东省,440000,韶关市,440200,25.9845630939
3101,20090629,广东省,440000,韶关市,440200,27.5836927463
3102,20090630,广东省,440000,韶关市,440200,28.9305438506
3103,20090701,广东省,440000,韶关市,440200,28.3986044175
3104,20090702,广东省,440000,韶关市,440200,28.1381220695
3105,20090703,广东省,440000,韶关市,440200,25.1165439899
3106,20090704,广东省,440000,韶关市,440200,25.4546694633
3107,20090705,广东省,440000,韶关市,440200,26.6628843454
3108,20090706,广东省,440000,韶关市,440200,28.1495350569
3109,20090707,广东省,440000,韶关市,440200,29.1800704369
3110,20090708,广东省,440000,韶关市,440200,29.4932290591
3111,20090709,广东省,440000,韶关市,440200,29.7884420248
3112,20090710,广东省,440000,韶关市,440200,30.5947058262
3113,20090711,广东省,440000,韶关市,440200,28.435298235
3114,20090712,广东省,440000,韶关市,440200,28.3826744373
3115,20090713,广东省,440000,韶关市,440200,29.7741217491
3116,20090714,广东省,440000,韶关市,440200,29.8363898351
3117,20090715,广东省,440000,韶关市,440200,28.6424405025
3118,20090716,广东省,440000,韶关市,440200,28.9242520455
3119,20090717,广东省,440000,韶关市,440200,30.1741417127
3120,20090718,广东省,440000,韶关市,440200,30.8089400071
3121,20090719,广东省,440000,韶关市,440200,26.9164721171
3122,20090720,广东省,440000,韶关市,440200,27.4105970432
3123,20090721,广东省,440000,韶关市,440200,29.497832714
3124,20090722,广东省,440000,韶关市,440200,29.618123568
3125,20090723,广东省,440000,韶关市,440200,30.094863696
3126,20090724,广东省,440000,韶关市,440200,30.0357789749
3127,20090725,广东省,440000,韶关市,440200,28.9530245463
3128,20090726,广东省,440000,韶关市,440200,27.4197977995
3129,20090727,广东省,440000,韶关市,440200,28.4091244233
3130,20090728,广东省,440000,韶关市,440200,28.4129688067
3131,20090729,广东省,440000,韶关市,440200,28.8526962476
3132,20090730,广东省,440000,韶关市,440200,28.662947239
3133,20090731,广东省,440000,韶关市,440200,29.2208853502
3134,20090801,广东省,440000,韶关市,440200,30.7314336239
3135,20090802,广东省,440000,韶关市,440200,30.9421245868
3136,20090803,广东省,440000,韶关市,440200,30.9734733288
3137,20090804,广东省,440000,韶关市,440200,28.8773042728
3138,20090805,广东省,440000,韶关市,440200,27.3098216913
3139,20090806,广东省,440000,韶关市,440200,28.6398136432
3140,20090807,广东省,440000,韶关市,440200,29.930930749
3141,20090808,广东省,440000,韶关市,440200,29.2494276976
3142,20090809,广东省,440000,韶关市,440200,29.0008333157
3143,20090810,广东省,440000,韶关市,440200,29.0975863139
3144,20090811,广东省,440000,韶关市,440200,28.9822821984
3145,20090812,广东省,440000,韶关市,440200,27.4695400336
3146,20090813,广东省,440000,韶关市,440200,27.2965362744
3147,20090814,广东省,440000,韶关市,440200,28.2998777536
3148,20090815,广东省,440000,韶关市,440200,29.8117618072
3149,20090816,广东省,440000,韶关市,440200,27.9360972184
3150,20090817,广东省,440000,韶关市,440200,28.2171075283
3151,20090818,广东省,440000,韶关市,440200,29.6209425315
3152,20090819,广东省,440000,韶关市,440200,30.0307338421
3153,20090820,广东省,440000,韶关市,440200,30.1821815295
3154,20090821,广东省,440000,韶关市,440200,30.2161136529
3155,20090822,广东省,440000,韶关市,440200,29.9938064477
3156,20090823,广东省,440000,韶关市,440200,27.9760248233
3157,20090824,广东省,440000,韶关市,440200,28.5546704806
3158,20090825,广东省,440000,韶关市,440200,29.3294368157
3159,20090826,广东省,440000,韶关市,440200,30.4210083301
3160,20090827,广东省,440000,韶关市,440200,30.593662751
3161,20090828,广东省,440000,韶关市,440200,30.8496913421
3162,20090829,广东省,440000,韶关市,440200,29.6739143958
3163,20090830,广东省,440000,韶关市,440200,26.4779954568
3164,20090831,广东省,440000,韶关市,440200,25.7943385198
3165,20090901,广东省,440000,韶关市,440200,27.0803820292
3166,20090902,广东省,440000,韶关市,440200,27.4589025057
3167,20090903,广东省,440000,韶关市,440200,28.7973463596
3168,20090904,广东省,440000,韶关市,440200,29.576130598
3169,20090905,广东省,440000,韶关市,440200,29.8641005785
3170,20090906,广东省,440000,韶关市,440200,29.7399364863
3171,20090907,广东省,440000,韶关市,440200,29.8789612697
3172,20090908,广东省,440000,韶关市,440200,28.8832278129
3173,20090909,广东省,440000,韶关市,440200,27.6585809757
3174,20090910,广东省,440000,韶关市,440200,27.8308981871
3175,20090911,广东省,440000,韶关市,440200,29.0466331091
3176,20090912,广东省,440000,韶关市,440200,29.6160027431
3177,20090913,广东省,440000,韶关市,440200,30.3666246365
3178,20090914,广东省,440000,韶关市,440200,28.4396618574
3179,20090915,广东省,440000,韶关市,440200,26.9450416076
3180,20090916,广东省,440000,韶关市,440200,27.0162230272
3181,20090917,广东省,440000,韶关市,440200,28.6613688347
3182,20090918,广东省,440000,韶关市,440200,29.8099898314
3183,20090919,广东省,440000,韶关市,440200,30.1225921435
3184,20090920,广东省,440000,韶关市,440200,29.2754526872
3185,20090921,广东省,440000,韶关市,440200,24.9729695931
3186,20090922,广东省,440000,韶关市,440200,24.0290354704
3187,20090923,广东省,440000,韶关市,440200,26.5018867101
3188,20090924,广东省,440000,韶关市,440200,27.5654744368
3189,20090925,广东省,440000,韶关市,440200,28.6890504788
3190,20090926,广东省,440000,韶关市,440200,28.5602105948
3191,20090927,广东省,440000,韶关市,440200,28.2204823616
3192,20090928,广东省,440000,韶关市,440200,25.213910812
3193,20090929,广东省,440000,韶关市,440200,23.8727497688
3194,20090930,广东省,440000,韶关市,440200,24.3802947509
3195,20091001,广东省,440000,韶关市,440200,25.2856725057
3196,20091002,广东省,440000,韶关市,440200,26.0509803479
3197,20091003,广东省,440000,韶关市,440200,24.8090229034
3198,20091004,广东省,440000,韶关市,440200,25.0296773177
3199,20091005,广东省,440000,韶关市,440200,24.8859945444
3200,20091006,广东省,440000,韶关市,440200,24.8400416741
3201,20091007,广东省,440000,韶关市,440200,23.6417187911
3202,20091008,广东省,440000,韶关市,440200,23.2784914359
3203,20091009,广东省,440000,韶关市,440200,23.4241605905
3204,20091010,广东省,440000,韶关市,440200,24.0963422335
3205,20091011,广东省,440000,韶关市,440200,25.0870289436
3206,20091012,广东省,440000,韶关市,440200,25.6807255867
3207,20091013,广东省,440000,韶关市,440200,24.2337934054
3208,20091014,广东省,440000,韶关市,440200,21.7696704375
3209,20091015,广东省,440000,韶关市,440200,22.4731192467
3210,20091016,广东省,440000,韶关市,440200,24.5295502589
3211,20091017,广东省,440000,韶关市,440200,23.9530169169
3212,20091018,广东省,440000,韶关市,440200,24.5050263527
3213,20091019,广东省,440000,韶关市,440200,24.8057153164
3214,20091020,广东省,440000,韶关市,440200,22.2114093976
3215,20091021,广东省,440000,韶关市,440200,22.8254950597
3216,20091022,广东省,440000,韶关市,440200,23.1011486053
3217,20091023,广东省,440000,韶关市,440200,22.6300107516
3218,20091024,广东省,440000,韶关市,440200,22.2867796482
3219,20091025,广东省,440000,韶关市,440200,22.1582379463
3220,20091026,广东省,440000,韶关市,440200,22.2205799787
3221,20091027,广东省,440000,韶关市,440200,22.5549981044
3222,20091028,广东省,440000,韶关市,440200,22.2607135773
3223,20091029,广东省,440000,韶关市,440200,23.1456461686
3224,20091030,广东省,440000,韶关市,440200,23.9610282702
3225,20091031,广东省,440000,韶关市,440200,24.1510447967
3226,20091101,广东省,440000,韶关市,440200,20.5133083539
3227,20091102,广东省,440000,韶关市,440200,17.0004144571
3228,20091103,广东省,440000,韶关市,440200,12.4169565592
3229,20091104,广东省,440000,韶关市,440200,15.6052236312
3230,20091105,广东省,440000,韶关市,440200,18.1071860485
3231,20091106,广东省,440000,韶关市,440200,21.2756160834
3232,20091107,广东省,440000,韶关市,440200,23.8155927414
3233,20091108,广东省,440000,韶关市,440200,24.9499863356
3234,20091109,广东省,440000,韶关市,440200,23.9505566817
3235,20091110,广东省,440000,韶关市,440200,22.0958435352
3236,20091111,广东省,440000,韶关市,440200,17.7548578213
3237,20091112,广东省,440000,韶关市,440200,11.9473130642
3238,20091113,广东省,440000,韶关市,440200,9.67529115921
3239,20091114,广东省,440000,韶关市,440200,9.46415341206
3240,20091115,广东省,440000,韶关市,440200,8.70976712154
3241,20091116,广东省,440000,韶关市,440200,6.42827554238
3242,20091117,广东省,440000,韶关市,440200,4.68267140633
3243,20091118,广东省,440000,韶关市,440200,6.16484760627
3244,20091119,广东省,440000,韶关市,440200,7.60786603047
3245,20091120,广东省,440000,韶关市,440200,8.2489237174
3246,20091121,广东省,440000,韶关市,440200,9.44272949757
3247,20091122,广东省,440000,韶关市,440200,10.5801057816
3248,20091123,广东省,440000,韶关市,440200,12.261384157
3249,20091124,广东省,440000,韶关市,440200,14.9609847925
3250,20091125,广东省,440000,韶关市,440200,16.5670643097
3251,20091126,广东省,440000,韶关市,440200,17.5761195452
3252,20091127,广东省,440000,韶关市,440200,19.1482174702
3253,20091128,广东省,440000,韶关市,440200,16.8562032748
3254,20091129,广东省,440000,韶关市,440200,13.4833802932
3255,20091130,广东省,440000,韶关市,440200,11.597095514
3256,20091201,广东省,440000,韶关市,440200,11.8341674316
3257,20091202,广东省,440000,韶关市,440200,13.5391307978
3258,20091203,广东省,440000,韶关市,440200,11.4493332887
3259,20091204,广东省,440000,韶关市,440200,11.56502643
3260,20091205,广东省,440000,韶关市,440200,11.8136522097
3261,20091206,广东省,440000,韶关市,440200,13.4977350724
3262,20091207,广东省,440000,韶关市,440200,13.9868913308
3263,20091208,广东省,440000,韶关市,440200,13.6060362107
3264,20091209,广东省,440000,韶关市,440200,13.9410179334
3265,20091210,广东省,440000,韶关市,440200,15.2620660342
3266,20091211,广东省,440000,韶关市,440200,16.6924933165
3267,20091212,广东省,440000,韶关市,440200,17.0464032736
3268,20091213,广东省,440000,韶关市,440200,14.3344562726
3269,20091214,广东省,440000,韶关市,440200,15.9021649483
3270,20091215,广东省,440000,韶关市,440200,9.52691195561
3271,20091216,广东省,440000,韶关市,440200,7.10800041297
3272,20091217,广东省,440000,韶关市,440200,7.03754039911
3273,20091218,广东省,440000,韶关市,440200,7.87294115164
3274,20091219,广东省,440000,韶关市,440200,8.04502687699
3275,20091220,广东省,440000,韶关市,440200,8.9746410541
3276,20091221,广东省,440000,韶关市,440200,8.96783144046
3277,20091222,广东省,440000,韶关市,440200,12.9387987088
3278,20091223,广东省,440000,韶关市,440200,15.1970309478
3279,20091224,广东省,440000,韶关市,440200,16.769727658
3280,20091225,广东省,440000,韶关市,440200,13.7067667154
3281,20091226,广东省,440000,韶关市,440200,11.1718054062
3282,20091227,广东省,440000,韶关市,440200,6.5708477008
3283,20091228,广东省,440000,韶关市,440200,7.93812891153
3284,20091229,广东省,440000,韶关市,440200,8.96854563248
3285,20091230,广东省,440000,韶关市,440200,11.4171888156
3286,20091231,广东省,440000,韶关市,440200,11.4454683891
3287,20100101,广东省,440000,韶关市,440200,11.247573608
3288,20100102,广东省,440000,韶关市,440200,12.1590693303
3289,20100103,广东省,440000,韶关市,440200,14.0495549471
3290,20100104,广东省,440000,韶关市,440200,16.0343182882
3291,20100105,广东省,440000,韶关市,440200,10.763847779
3292,20100106,广东省,440000,韶关市,440200,5.59082679259
3293,20100107,广东省,440000,韶关市,440200,5.45706846164
3294,20100108,广东省,440000,韶关市,440200,6.87270574081
3295,20100109,广东省,440000,韶关市,440200,9.63445277092
3296,20100110,广东省,440000,韶关市,440200,9.61199603937
3297,20100111,广东省,440000,韶关市,440200,6.55336989501
3298,20100112,广东省,440000,韶关市,440200,6.28300031026
3299,20100113,广东省,440000,韶关市,440200,8.00069636565
3300,20100114,广东省,440000,韶关市,440200,10.3412993994
3301,20100115,广东省,440000,韶关市,440200,12.0957369193
3302,20100116,广东省,440000,韶关市,440200,11.6565925403
3303,20100117,广东省,440000,韶关市,440200,11.9681233871
3304,20100118,广东省,440000,韶关市,440200,12.9169039604
3305,20100119,广东省,440000,韶关市,440200,18.3409487895
3306,20100120,广东省,440000,韶关市,440200,19.5338408152
3307,20100121,广东省,440000,韶关市,440200,13.8901520264
3308,20100122,广东省,440000,韶关市,440200,7.42957239885
3309,20100123,广东省,440000,韶关市,440200,5.55857064785
3310,20100124,广东省,440000,韶关市,440200,8.35667407207
3311,20100125,广东省,440000,韶关市,440200,10.2786773779
3312,20100126,广东省,440000,韶关市,440200,12.7470335105
3313,20100127,广东省,440000,韶关市,440200,14.3909439185
3314,20100128,广东省,440000,韶关市,440200,16.587934225
3315,20100129,广东省,440000,韶关市,440200,17.735605411
3316,20100130,广东省,440000,韶关市,440200,18.8536695578
3317,20100131,广东省,440000,韶关市,440200,19.1142477133
3318,20100201,广东省,440000,韶关市,440200,16.2172736633
3319,20100202,广东省,440000,韶关市,440200,14.8966260812
3320,20100203,广东省,440000,韶关市,440200,11.674934485
3321,20100204,广东省,440000,韶关市,440200,10.3928034367
3322,20100205,广东省,440000,韶关市,440200,11.5966953864
3323,20100206,广东省,440000,韶关市,440200,13.1502609008
3324,20100207,广东省,440000,韶关市,440200,14.1631573164
3325,20100208,广东省,440000,韶关市,440200,19.4681089841
3326,20100209,广东省,440000,韶关市,440200,22.7927803626
3327,20100210,广东省,440000,韶关市,440200,23.004409301
3328,20100211,广东省,440000,韶关市,440200,11.9474191788
3329,20100212,广东省,440000,韶关市,440200,4.7375075756
3330,20100213,广东省,440000,韶关市,440200,4.91720076708
3331,20100214,广东省,440000,韶关市,440200,5.59140552007
3332,20100215,广东省,440000,韶关市,440200,4.26013888457
3333,20100216,广东省,440000,韶关市,440200,4.5663902943
3334,20100217,广东省,440000,韶关市,440200,5.3644121977
3335,20100218,广东省,440000,韶关市,440200,5.33249649635
3336,20100219,广东省,440000,韶关市,440200,6.45692540438
3337,20100220,广东省,440000,韶关市,440200,10.0998092798
3338,20100221,广东省,440000,韶关市,440200,14.3068220187
3339,20100222,广东省,440000,韶关市,440200,15.7515394993
3340,20100223,广东省,440000,韶关市,440200,19.9323704548
3341,20100224,广东省,440000,韶关市,440200,22.3310518509
3342,20100225,广东省,440000,韶关市,440200,24.0598878127
3343,20100226,广东省,440000,韶关市,440200,22.9562090849
3344,20100227,广东省,440000,韶关市,440200,22.5529772441
3345,20100228,广东省,440000,韶关市,440200,24.8463593507
3346,20100301,广东省,440000,韶关市,440200,22.5090879294
3347,20100302,广东省,440000,韶关市,440200,22.2678688
3348,20100303,广东省,440000,韶关市,440200,20.8453046359
3349,20100304,广东省,440000,韶关市,440200,16.0481814849
3350,20100305,广东省,440000,韶关市,440200,20.0883599795
3351,20100306,广东省,440000,韶关市,440200,12.0695198866
3352,20100307,广东省,440000,韶关市,440200,8.01378033711
3353,20100308,广东省,440000,韶关市,440200,6.26594588695
3354,20100309,广东省,440000,韶关市,440200,5.46338663346
3355,20100310,广东省,440000,韶关市,440200,7.6014813521
3356,20100311,广东省,440000,韶关市,440200,13.8830252183
3357,20100312,广东省,440000,韶关市,440200,14.9404060902
3358,20100313,广东省,440000,韶关市,440200,15.9436232249
3359,20100314,广东省,440000,韶关市,440200,20.2017186483
3360,20100315,广东省,440000,韶关市,440200,15.6956685873
3361,20100316,广东省,440000,韶关市,440200,14.366734627
3362,20100317,广东省,440000,韶关市,440200,15.5056487841
3363,20100318,广东省,440000,韶关市,440200,18.9019095592
3364,20100319,广东省,440000,韶关市,440200,21.2419682038
3365,20100320,广东省,440000,韶关市,440200,21.0044024052
3366,20100321,广东省,440000,韶关市,440200,22.6025920281
3367,20100322,广东省,440000,韶关市,440200,23.234289854
3368,20100323,广东省,440000,韶关市,440200,21.12284944
3369,20100324,广东省,440000,韶关市,440200,13.1668091554
3370,20100325,广东省,440000,韶关市,440200,12.3881478676
3371,20100326,广东省,440000,韶关市,440200,15.2168298134
3372,20100327,广东省,440000,韶关市,440200,14.0874712528
3373,20100328,广东省,440000,韶关市,440200,16.6351673664
3374,20100329,广东省,440000,韶关市,440200,19.4631799551
3375,20100330,广东省,440000,韶关市,440200,18.1547672076
3376,20100331,广东省,440000,韶关市,440200,22.5542816749
3377,20100401,广东省,440000,韶关市,440200,19.1512623811
3378,20100402,广东省,440000,韶关市,440200,14.5535229903
3379,20100403,广东省,440000,韶关市,440200,14.1701586552
3380,20100404,广东省,440000,韶关市,440200,16.071568
3381,20100405,广东省,440000,韶关市,440200,18.6442875984
3382,20100406,广东省,440000,韶关市,440200,19.3868093246
3383,20100407,广东省,440000,韶关市,440200,15.0791107324
3384,20100408,广东省,440000,韶关市,440200,13.5122112127
3385,20100409,广东省,440000,韶关市,440200,17.9704939035
3386,20100410,广东省,440000,韶关市,440200,18.588432312
3387,20100411,广东省,440000,韶关市,440200,22.1265637324
3388,20100412,广东省,440000,韶关市,440200,21.4908548991
3389,20100413,广东省,440000,韶关市,440200,14.5506922159
3390,20100414,广东省,440000,韶关市,440200,11.8680564196
3391,20100415,广东省,440000,韶关市,440200,8.81740457584
3392,20100416,广东省,440000,韶关市,440200,14.1138911614
3393,20100417,广东省,440000,韶关市,440200,17.9200194921
3394,20100418,广东省,440000,韶关市,440200,19.1918710562
3395,20100419,广东省,440000,韶关市,440200,22.1474819672
3396,20100420,广东省,440000,韶关市,440200,24.2417650467
3397,20100421,广东省,440000,韶关市,440200,23.3430578281
3398,20100422,广东省,440000,韶关市,440200,15.6035729677
3399,20100423,广东省,440000,韶关市,440200,17.0016473134
3400,20100424,广东省,440000,韶关市,440200,20.1610573989
3401,20100425,广东省,440000,韶关市,440200,19.0959666815
3402,20100426,广东省,440000,韶关市,440200,16.2429332489
3403,20100427,广东省,440000,韶关市,440200,19.897320136
3404,20100428,广东省,440000,韶关市,440200,22.0856409806
3405,20100429,广东省,440000,韶关市,440200,19.4904403687
3406,20100430,广东省,440000,韶关市,440200,22.3959779495
3407,20100501,广东省,440000,韶关市,440200,23.8196348044
3408,20100502,广东省,440000,韶关市,440200,25.0898173895
3409,20100503,广东省,440000,韶关市,440200,25.8009542318
3410,20100504,广东省,440000,韶关市,440200,24.7534864377
3411,20100505,广东省,440000,韶关市,440200,23.6261761983
3412,20100506,广东省,440000,韶关市,440200,22.7373214135
3413,20100507,广东省,440000,韶关市,440200,21.76764498
3414,20100508,广东省,440000,韶关市,440200,24.4724266835
3415,20100509,广东省,440000,韶关市,440200,21.4574640714
3416,20100510,广东省,440000,韶关市,440200,19.3384336325
3417,20100511,广东省,440000,韶关市,440200,21.5969351744
3418,20100512,广东省,440000,韶关市,440200,22.9006560399
3419,20100513,广东省,440000,韶关市,440200,24.4856776702
3420,20100514,广东省,440000,韶关市,440200,21.83732336
3421,20100515,广东省,440000,韶关市,440200,22.0561894148
3422,20100516,广东省,440000,韶关市,440200,25.7178459657
3423,20100517,广东省,440000,韶关市,440200,27.4186884562
3424,20100518,广东省,440000,韶关市,440200,26.8481926551
3425,20100519,广东省,440000,韶关市,440200,22.6396166973
3426,20100520,广东省,440000,韶关市,440200,24.0966324439
3427,20100521,广东省,440000,韶关市,440200,26.6000588735
3428,20100522,广东省,440000,韶关市,440200,23.8522769732
3429,20100523,广东省,440000,韶关市,440200,22.1234501081
3430,20100524,广东省,440000,韶关市,440200,24.1229680379
3431,20100525,广东省,440000,韶关市,440200,25.7748958881
3432,20100526,广东省,440000,韶关市,440200,26.4864473098
3433,20100527,广东省,440000,韶关市,440200,27.3434829712
3434,20100528,广东省,440000,韶关市,440200,26.3074965355
3435,20100529,广东省,440000,韶关市,440200,23.25835003
3436,20100530,广东省,440000,韶关市,440200,24.6840876555
3437,20100531,广东省,440000,韶关市,440200,25.9001497611
3438,20100601,广东省,440000,韶关市,440200,21.5746444311
3439,20100602,广东省,440000,韶关市,440200,20.8177885398
3440,20100603,广东省,440000,韶关市,440200,22.7336856157
3441,20100604,广东省,440000,韶关市,440200,23.0406053005
3442,20100605,广东省,440000,韶关市,440200,24.3485774016
3443,20100606,广东省,440000,韶关市,440200,25.65209824
3444,20100607,广东省,440000,韶关市,440200,26.5109146803
3445,20100608,广东省,440000,韶关市,440200,25.581329688
3446,20100609,广东省,440000,韶关市,440200,23.0749614911
3447,20100610,广东省,440000,韶关市,440200,22.6491580376
3448,20100611,广东省,440000,韶关市,440200,21.7064825694
3449,20100612,广东省,440000,韶关市,440200,23.1819771009
3450,20100613,广东省,440000,韶关市,440200,25.0948719612
3451,20100614,广东省,440000,韶关市,440200,25.2008868486
3452,20100615,广东省,440000,韶关市,440200,25.4309735909
3453,20100616,广东省,440000,韶关市,440200,25.5235795241
3454,20100617,广东省,440000,韶关市,440200,27.9418847011
3455,20100618,广东省,440000,韶关市,440200,28.8190673437
3456,20100619,广东省,440000,韶关市,440200,29.3453079126
3457,20100620,广东省,440000,韶关市,440200,27.0917257651
3458,20100621,广东省,440000,韶关市,440200,24.9522722684
3459,20100622,广东省,440000,韶关市,440200,26.1661128998
3460,20100623,广东省,440000,韶关市,440200,27.5892129067
3461,20100624,广东省,440000,韶关市,440200,26.8581685286
3462,20100625,广东省,440000,韶关市,440200,24.2308581915
3463,20100626,广东省,440000,韶关市,440200,26.2877000173
3464,20100627,广东省,440000,韶关市,440200,25.9096314357
3465,20100628,广东省,440000,韶关市,440200,25.3943024171
3466,20100629,广东省,440000,韶关市,440200,27.9110802381
3467,20100630,广东省,440000,韶关市,440200,29.5341469202
3468,20100701,广东省,440000,韶关市,440200,30.2281612494
3469,20100702,广东省,440000,韶关市,440200,30.2741604829
3470,20100703,广东省,440000,韶关市,440200,30.9687097011
3471,20100704,广东省,440000,韶关市,440200,31.2957914304
3472,20100705,广东省,440000,韶关市,440200,31.6970670651
3473,20100706,广东省,440000,韶关市,440200,30.7779283279
3474,20100707,广东省,440000,韶关市,440200,30.2673222468
3475,20100708,广东省,440000,韶关市,440200,31.2214163267
3476,20100709,广东省,440000,韶关市,440200,29.9307854481
3477,20100710,广东省,440000,韶关市,440200,30.7471401019
3478,20100711,广东省,440000,韶关市,440200,30.3433606563
3479,20100712,广东省,440000,韶关市,440200,30.5624682109
3480,20100713,广东省,440000,韶关市,440200,30.7110975706
3481,20100714,广东省,440000,韶关市,440200,30.0397891509
3482,20100715,广东省,440000,韶关市,440200,28.9118265494
3483,20100716,广东省,440000,韶关市,440200,28.663908396
3484,20100717,广东省,440000,韶关市,440200,27.3060651926
3485,20100718,广东省,440000,韶关市,440200,29.4939645131
3486,20100719,广东省,440000,韶关市,440200,30.2369655707
3487,20100720,广东省,440000,韶关市,440200,30.0534742306
3488,20100721,广东省,440000,韶关市,440200,27.7389148321
3489,20100722,广东省,440000,韶关市,440200,26.321238151
3490,20100723,广东省,440000,韶关市,440200,26.3839541704
3491,20100724,广东省,440000,韶关市,440200,28.3511771667
3492,20100725,广东省,440000,韶关市,440200,28.2165018228
3493,20100726,广东省,440000,韶关市,440200,27.2298758091
3494,20100727,广东省,440000,韶关市,440200,27.2303973467
3495,20100728,广东省,440000,韶关市,440200,28.0651885791
3496,20100729,广东省,440000,韶关市,440200,28.0061983451
3497,20100730,广东省,440000,韶关市,440200,27.9880284529
3498,20100731,广东省,440000,韶关市,440200,29.6242973621
3499,20100801,广东省,440000,韶关市,440200,30.2558296399
3500,20100802,广东省,440000,韶关市,440200,30.5460758209
3501,20100803,广东省,440000,韶关市,440200,30.3808135986
3502,20100804,广东省,440000,韶关市,440200,30.801281171
3503,20100805,广东省,440000,韶关市,440200,27.4095821381
3504,20100806,广东省,440000,韶关市,440200,27.3595773257
3505,20100807,广东省,440000,韶关市,440200,28.6891879057
3506,20100808,广东省,440000,韶关市,440200,28.2962123186
3507,20100809,广东省,440000,韶关市,440200,30.3961950938
3508,20100810,广东省,440000,韶关市,440200,30.9413228157
3509,20100811,广东省,440000,韶关市,440200,30.2834970523
3510,20100812,广东省,440000,韶关市,440200,29.8491782164
3511,20100813,广东省,440000,韶关市,440200,30.339744519
3512,20100814,广东省,440000,韶关市,440200,31.1817773672
3513,20100815,广东省,440000,韶关市,440200,30.0648827675
3514,20100816,广东省,440000,韶关市,440200,29.0185141441
3515,20100817,广东省,440000,韶关市,440200,28.6977925423
3516,20100818,广东省,440000,韶关市,440200,29.7089469616
3517,20100819,广东省,440000,韶关市,440200,28.3970897381
3518,20100820,广东省,440000,韶关市,440200,27.5987436833
3519,20100821,广东省,440000,韶关市,440200,29.404887664
3520,20100822,广东省,440000,韶关市,440200,29.4726377145
3521,20100823,广东省,440000,韶关市,440200,27.4632950318
3522,20100824,广东省,440000,韶关市,440200,26.5525415861
3523,20100825,广东省,440000,韶关市,440200,27.9834607442
3524,20100826,广东省,440000,韶关市,440200,27.7087194003
3525,20100827,广东省,440000,韶关市,440200,26.3957835466
3526,20100828,广东省,440000,韶关市,440200,25.5052908384
3527,20100829,广东省,440000,韶关市,440200,27.2276514494
3528,20100830,广东省,440000,韶关市,440200,28.2610795926
3529,20100831,广东省,440000,韶关市,440200,29.0032242017
3530,20100901,广东省,440000,韶关市,440200,28.3204849439
3531,20100902,广东省,440000,韶关市,440200,26.5750210102
3532,20100903,广东省,440000,韶关市,440200,24.838711274
3533,20100904,广东省,440000,韶关市,440200,25.504352325
3534,20100905,广东省,440000,韶关市,440200,28.0054773673
3535,20100906,广东省,440000,韶关市,440200,28.6747811146
3536,20100907,广东省,440000,韶关市,440200,29.286294497
3537,20100908,广东省,440000,韶关市,440200,29.5575753236
3538,20100909,广东省,440000,韶关市,440200,28.9735272725
3539,20100910,广东省,440000,韶关市,440200,27.6872993371
3540,20100911,广东省,440000,韶关市,440200,26.7579286037
3541,20100912,广东省,440000,韶关市,440200,24.9305660541
3542,20100913,广东省,440000,韶关市,440200,27.0271577101
3543,20100914,广东省,440000,韶关市,440200,27.4729389288
3544,20100915,广东省,440000,韶关市,440200,27.9803276062
3545,20100916,广东省,440000,韶关市,440200,28.3229402395
3546,20100917,广东省,440000,韶关市,440200,29.163604883
3547,20100918,广东省,440000,韶关市,440200,29.2659857334
3548,20100919,广东省,440000,韶关市,440200,29.9706689884
3549,20100920,广东省,440000,韶关市,440200,27.7586893424
3550,20100921,广东省,440000,韶关市,440200,24.289488768
3551,20100922,广东省,440000,韶关市,440200,23.8949817755
3552,20100923,广东省,440000,韶关市,440200,22.8096949749
3553,20100924,广东省,440000,韶关市,440200,23.8013060154
3554,20100925,广东省,440000,韶关市,440200,25.2207492926
3555,20100926,广东省,440000,韶关市,440200,25.9784692128
3556,20100927,广东省,440000,韶关市,440200,25.7771270948
3557,20100928,广东省,440000,韶关市,440200,26.1248825758
3558,20100929,广东省,440000,韶关市,440200,25.1452466036
3559,20100930,广东省,440000,韶关市,440200,23.4681809743
3560,20101001,广东省,440000,韶关市,440200,24.3061711238
3561,20101002,广东省,440000,韶关市,440200,24.8579378373
3562,20101003,广东省,440000,韶关市,440200,22.926187662
3563,20101004,广东省,440000,韶关市,440200,21.4975282229
3564,20101005,广东省,440000,韶关市,440200,20.8563411908
3565,20101006,广东省,440000,韶关市,440200,22.9013163249
3566,20101007,广东省,440000,韶关市,440200,22.1460243127
3567,20101008,广东省,440000,韶关市,440200,23.2063401051
3568,20101009,广东省,440000,韶关市,440200,22.6313708379
3569,20101010,广东省,440000,韶关市,440200,22.4035503681
3570,20101011,广东省,440000,韶关市,440200,23.6932883629
3571,20101012,广东省,440000,韶关市,440200,25.1169103476
3572,20101013,广东省,440000,韶关市,440200,25.8990563613
3573,20101014,广东省,440000,韶关市,440200,22.9103898268
3574,20101015,广东省,440000,韶关市,440200,21.0047406417
3575,20101016,广东省,440000,韶关市,440200,21.5446832119
3576,20101017,广东省,440000,韶关市,440200,23.2173222273
3577,20101018,广东省,440000,韶关市,440200,23.8201571244
3578,20101019,广东省,440000,韶关市,440200,23.484227156
3579,20101020,广东省,440000,韶关市,440200,22.3009088956
3580,20101021,广东省,440000,韶关市,440200,21.0430160425
3581,20101022,广东省,440000,韶关市,440200,20.654395617
3582,20101023,广东省,440000,韶关市,440200,21.2462065281
3583,20101024,广东省,440000,韶关市,440200,21.8242576306
3584,20101025,广东省,440000,韶关市,440200,20.6934729845
3585,20101026,广东省,440000,韶关市,440200,15.4980133741
3586,20101027,广东省,440000,韶关市,440200,14.2782262655
3587,20101028,广东省,440000,韶关市,440200,14.64933569
3588,20101029,广东省,440000,韶关市,440200,15.1025082515
3589,20101030,广东省,440000,韶关市,440200,14.8104842015
3590,20101031,广东省,440000,韶关市,440200,15.2073539098
3591,20101101,广东省,440000,韶关市,440200,16.2841580953
3592,20101102,广东省,440000,韶关市,440200,16.7259347133
3593,20101103,广东省,440000,韶关市,440200,16.1781094624
3594,20101104,广东省,440000,韶关市,440200,17.4778040861
3595,20101105,广东省,440000,韶关市,440200,17.3278947488
3596,20101106,广东省,440000,韶关市,440200,17.7248337574
3597,20101107,广东省,440000,韶关市,440200,18.1279394199
3598,20101108,广东省,440000,韶关市,440200,18.4737887749
3599,20101109,广东省,440000,韶关市,440200,16.6390026777
3600,20101110,广东省,440000,韶关市,440200,16.4152687513
3601,20101111,广东省,440000,韶关市,440200,17.846030651
3602,20101112,广东省,440000,韶关市,440200,17.8945677831
3603,20101113,广东省,440000,韶关市,440200,18.8684355907
3604,20101114,广东省,440000,韶关市,440200,19.838744677
3605,20101115,广东省,440000,韶关市,440200,16.8217706436
3606,20101116,广东省,440000,韶关市,440200,14.1579378568
3607,20101117,广东省,440000,韶关市,440200,14.5115634234
3608,20101118,广东省,440000,韶关市,440200,16.5677569218
3609,20101119,广东省,440000,韶关市,440200,15.9721789727
3610,20101120,广东省,440000,韶关市,440200,17.2315769196
3611,20101121,广东省,440000,韶关市,440200,18.7338020129
3612,20101122,广东省,440000,韶关市,440200,16.8644608962
3613,20101123,广东省,440000,韶关市,440200,16.5276016578
3614,20101124,广东省,440000,韶关市,440200,17.0966868278
3615,20101125,广东省,440000,韶关市,440200,14.8953415064
3616,20101126,广东省,440000,韶关市,440200,15.8948643269
3617,20101127,广东省,440000,韶关市,440200,17.4875971721
3618,20101128,广东省,440000,韶关市,440200,16.7678145384
3619,20101129,广东省,440000,韶关市,440200,16.215754998
3620,20101130,广东省,440000,韶关市,440200,16.9008563849
3621,20101201,广东省,440000,韶关市,440200,16.0700760377
3622,20101202,广东省,440000,韶关市,440200,16.135956642
3623,20101203,广东省,440000,韶关市,440200,15.2685763775
3624,20101204,广东省,440000,韶关市,440200,15.8518391145
3625,20101205,广东省,440000,韶关市,440200,18.4638290405
3626,20101206,广东省,440000,韶关市,440200,17.8283991202
3627,20101207,广东省,440000,韶关市,440200,11.372135847
3628,20101208,广东省,440000,韶关市,440200,10.5465848629
3629,20101209,广东省,440000,韶关市,440200,13.32359402
3630,20101210,广东省,440000,韶关市,440200,12.3615830495
3631,20101211,广东省,440000,韶关市,440200,12.3793360637
3632,20101212,广东省,440000,韶关市,440200,14.0336196117
3633,20101213,广东省,440000,韶关市,440200,15.7771479778
3634,20101214,广东省,440000,韶关市,440200,12.3343893687
3635,20101215,广东省,440000,韶关市,440200,5.90020471353
3636,20101216,广东省,440000,韶关市,440200,2.55745144074
3637,20101217,广东省,440000,韶关市,440200,4.47397062717
3638,20101218,广东省,440000,韶关市,440200,9.60469634716
3639,20101219,广东省,440000,韶关市,440200,14.6519000714
3640,20101220,广东省,440000,韶关市,440200,15.7035287955
3641,20101221,广东省,440000,韶关市,440200,15.5251200505
3642,20101222,广东省,440000,韶关市,440200,12.728733992
3643,20101223,广东省,440000,韶关市,440200,13.4635115159
3644,20101224,广东省,440000,韶关市,440200,12.0537054355
3645,20101225,广东省,440000,韶关市,440200,5.17713101705
3646,20101226,广东省,440000,韶关市,440200,5.74007629126
3647,20101227,广东省,440000,韶关市,440200,8.10754492344
3648,20101228,广东省,440000,韶关市,440200,10.8998257075
3649,20101229,广东省,440000,韶关市,440200,12.5975268193
3650,20101230,广东省,440000,韶关市,440200,11.40718531
3651,20101231,广东省,440000,韶关市,440200,9.3179750198
3652,20110101,广东省,440000,韶关市,440200,8.41717717586
3653,20110102,广东省,440000,韶关市,440200,5.56027820783
3654,20110103,广东省,440000,韶关市,440200,3.70351133285
3655,20110104,广东省,440000,韶关市,440200,4.14183789644
3656,20110105,广东省,440000,韶关市,440200,5.83528521122
3657,20110106,广东省,440000,韶关市,440200,4.32965468138
3658,20110107,广东省,440000,韶关市,440200,4.76704535118
3659,20110108,广东省,440000,韶关市,440200,7.90437874427
3660,20110109,广东省,440000,韶关市,440200,6.50602648197
3661,20110110,广东省,440000,韶关市,440200,5.80160093919
3662,20110111,广东省,440000,韶关市,440200,2.49513952625
3663,20110112,广东省,440000,韶关市,440200,6.24157001422
3664,20110113,广东省,440000,韶关市,440200,8.90428249653
3665,20110114,广东省,440000,韶关市,440200,9.93599379368
3666,20110115,广东省,440000,韶关市,440200,7.20959356504
3667,20110116,广东省,440000,韶关市,440200,5.92372783025
3668,20110117,广东省,440000,韶关市,440200,6.84579422535
3669,20110118,广东省,440000,韶关市,440200,7.15494937774
3670,20110119,广东省,440000,韶关市,440200,6.70649468593
3671,20110120,广东省,440000,韶关市,440200,4.40696811982
3672,20110121,广东省,440000,韶关市,440200,4.4860669405
3673,20110122,广东省,440000,韶关市,440200,5.73289994704
3674,20110123,广东省,440000,韶关市,440200,6.34534356533
3675,20110124,广东省,440000,韶关市,440200,5.35181556604
3676,20110125,广东省,440000,韶关市,440200,6.19772113287
3677,20110126,广东省,440000,韶关市,440200,7.61235113633
3678,20110127,广东省,440000,韶关市,440200,8.7768512628
3679,20110128,广东省,440000,韶关市,440200,6.46243621141
3680,20110129,广东省,440000,韶关市,440200,5.54214582076
3681,20110130,广东省,440000,韶关市,440200,6.53590023212
3682,20110131,广东省,440000,韶关市,440200,8.35656873996
3683,20110201,广东省,440000,韶关市,440200,7.63475699302
3684,20110202,广东省,440000,韶关市,440200,9.68997138586
3685,20110203,广东省,440000,韶关市,440200,12.8614685108
3686,20110204,广东省,440000,韶关市,440200,14.6392197487
3687,20110205,广东省,440000,韶关市,440200,14.9094234369
3688,20110206,广东省,440000,韶关市,440200,15.9432803423
3689,20110207,广东省,440000,韶关市,440200,17.425446437
3690,20110208,广东省,440000,韶关市,440200,18.2560982826
3691,20110209,广东省,440000,韶关市,440200,19.4888434777
3692,20110210,广东省,440000,韶关市,440200,13.8533475705
3693,20110211,广东省,440000,韶关市,440200,8.14105047324
3694,20110212,广东省,440000,韶关市,440200,7.95436507005
3695,20110213,广东省,440000,韶关市,440200,5.72527658634
3696,20110214,广东省,440000,韶关市,440200,7.73168403674
3697,20110215,广东省,440000,韶关市,440200,5.04525360694
3698,20110216,广东省,440000,韶关市,440200,6.33878375322
3699,20110217,广东省,440000,韶关市,440200,7.95658583519
3700,20110218,广东省,440000,韶关市,440200,7.98462344439
3701,20110219,广东省,440000,韶关市,440200,8.58137286015
3702,20110220,广东省,440000,韶关市,440200,11.9025608699
3703,20110221,广东省,440000,韶关市,440200,13.7963086153
3704,20110222,广东省,440000,韶关市,440200,14.6848417429
3705,20110223,广东省,440000,韶关市,440200,14.9690804604
3706,20110224,广东省,440000,韶关市,440200,16.8095613382
3707,20110225,广东省,440000,韶关市,440200,20.6762005244
3708,20110226,广东省,440000,韶关市,440200,20.6410661844
3709,20110227,广东省,440000,韶关市,440200,20.0978033604
3710,20110228,广东省,440000,韶关市,440200,19.3418230155
3711,20110301,广东省,440000,韶关市,440200,11.1767532398
3712,20110302,广东省,440000,韶关市,440200,13.0990109566
3713,20110303,广东省,440000,韶关市,440200,10.3480009299
3714,20110304,广东省,440000,韶关市,440200,11.6900348908
3715,20110305,广东省,440000,韶关市,440200,15.6584335718
3716,20110306,广东省,440000,韶关市,440200,14.5619165714
3717,20110307,广东省,440000,韶关市,440200,10.8410668006
3718,20110308,广东省,440000,韶关市,440200,12.3536745463
3719,20110309,广东省,440000,韶关市,440200,11.4135169249
3720,20110310,广东省,440000,韶关市,440200,12.0761080522
3721,20110311,广东省,440000,韶关市,440200,11.3501897225
3722,20110312,广东省,440000,韶关市,440200,13.4073100946
3723,20110313,广东省,440000,韶关市,440200,18.4372787965
3724,20110314,广东省,440000,韶关市,440200,20.8373587193
3725,20110315,广东省,440000,韶关市,440200,9.52320540257
3726,20110316,广东省,440000,韶关市,440200,10.6329529591
3727,20110317,广东省,440000,韶关市,440200,12.5202725484
3728,20110318,广东省,440000,韶关市,440200,10.2183747169
3729,20110319,广东省,440000,韶关市,440200,13.4325374701
3730,20110320,广东省,440000,韶关市,440200,19.3871468764
3731,20110321,广东省,440000,韶关市,440200,17.8736664943
3732,20110322,广东省,440000,韶关市,440200,10.309533486
3733,20110323,广东省,440000,韶关市,440200,10.7877906897
3734,20110324,广东省,440000,韶关市,440200,11.001303575
3735,20110325,广东省,440000,韶关市,440200,13.8050048046
3736,20110326,广东省,440000,韶关市,440200,10.9234927251
3737,20110327,广东省,440000,韶关市,440200,10.7463326087
3738,20110328,广东省,440000,韶关市,440200,14.7680467214
3739,20110329,广东省,440000,韶关市,440200,15.9999323136
3740,20110330,广东省,440000,韶关市,440200,16.5507933788
3741,20110331,广东省,440000,韶关市,440200,19.055027057
3742,20110401,广东省,440000,韶关市,440200,20.1847264216
3743,20110402,广东省,440000,韶关市,440200,21.5247664818
3744,20110403,广东省,440000,韶关市,440200,16.0194532443
3745,20110404,广东省,440000,韶关市,440200,13.2048256703
3746,20110405,广东省,440000,韶关市,440200,16.1316601191
3747,20110406,广东省,440000,韶关市,440200,19.3898238158
3748,20110407,广东省,440000,韶关市,440200,20.3213343987
3749,20110408,广东省,440000,韶关市,440200,18.6600980759
3750,20110409,广东省,440000,韶关市,440200,21.4838967935
3751,20110410,广东省,440000,韶关市,440200,23.3111905318
3752,20110411,广东省,440000,韶关市,440200,23.6974621308
3753,20110412,广东省,440000,韶关市,440200,22.3287186256
3754,20110413,广东省,440000,韶关市,440200,23.6612586486
3755,20110414,广东省,440000,韶关市,440200,24.322087508
3756,20110415,广东省,440000,韶关市,440200,25.0070967063
3757,20110416,广东省,440000,韶关市,440200,24.7268762344
3758,20110417,广东省,440000,韶关市,440200,20.5246686691
3759,20110418,广东省,440000,韶关市,440200,22.06152109
3760,20110419,广东省,440000,韶关市,440200,22.1578530532
3761,20110420,广东省,440000,韶关市,440200,23.5092906463
3762,20110421,广东省,440000,韶关市,440200,22.577958865
3763,20110422,广东省,440000,韶关市,440200,19.7531122061
3764,20110423,广东省,440000,韶关市,440200,20.7919551654
3765,20110424,广东省,440000,韶关市,440200,22.3901837667
3766,20110425,广东省,440000,韶关市,440200,24.9497220455
3767,20110426,广东省,440000,韶关市,440200,25.7662597558
3768,20110427,广东省,440000,韶关市,440200,26.9208056621
3769,20110428,广东省,440000,韶关市,440200,26.6179140531
3770,20110429,广东省,440000,韶关市,440200,21.8348027743
3771,20110430,广东省,440000,韶关市,440200,24.935793412
3772,20110501,广东省,440000,韶关市,440200,23.4053828411
3773,20110502,广东省,440000,韶关市,440200,23.4209076808
3774,20110503,广东省,440000,韶关市,440200,17.5148909398
3775,20110504,广东省,440000,韶关市,440200,18.1366253877
3776,20110505,广东省,440000,韶关市,440200,19.5952354333
3777,20110506,广东省,440000,韶关市,440200,23.272412618
3778,20110507,广东省,440000,韶关市,440200,23.0548284971
3779,20110508,广东省,440000,韶关市,440200,23.0115305583
3780,20110509,广东省,440000,韶关市,440200,26.2979203249
3781,20110510,广东省,440000,韶关市,440200,28.0792631492
3782,20110511,广东省,440000,韶关市,440200,27.4826301673
3783,20110512,广东省,440000,韶关市,440200,23.2804907774
3784,20110513,广东省,440000,韶关市,440200,20.2883591774
3785,20110514,广东省,440000,韶关市,440200,20.6703677544
3786,20110515,广东省,440000,韶关市,440200,21.2540179033
3787,20110516,广东省,440000,韶关市,440200,20.144292538
3788,20110517,广东省,440000,韶关市,440200,22.8748555795
3789,20110518,广东省,440000,韶关市,440200,24.5644089625
3790,20110519,广东省,440000,韶关市,440200,25.6851623242
3791,20110520,广东省,440000,韶关市,440200,26.3831156217
3792,20110521,广东省,440000,韶关市,440200,26.6049723503
3793,20110522,广东省,440000,韶关市,440200,21.0774235848
3794,20110523,广东省,440000,韶关市,440200,18.2195036472
3795,20110524,广东省,440000,韶关市,440200,19.4702581748
3796,20110525,广东省,440000,韶关市,440200,20.7625735845
3797,20110526,广东省,440000,韶关市,440200,23.177105977
3798,20110527,广东省,440000,韶关市,440200,23.9015255463
3799,20110528,广东省,440000,韶关市,440200,24.7431697356
3800,20110529,广东省,440000,韶关市,440200,25.429666617
3801,20110530,广东省,440000,韶关市,440200,26.42327025
3802,20110531,广东省,440000,韶关市,440200,27.2217768156
3803,20110601,广东省,440000,韶关市,440200,27.5561980712
3804,20110602,广东省,440000,韶关市,440200,25.7316753192
3805,20110603,广东省,440000,韶关市,440200,27.612654417
3806,20110604,广东省,440000,韶关市,440200,28.1830197359
3807,20110605,广东省,440000,韶关市,440200,28.6439358149
3808,20110606,广东省,440000,韶关市,440200,28.8887154995
3809,20110607,广东省,440000,韶关市,440200,27.3491451068
3810,20110608,广东省,440000,韶关市,440200,28.2643031585
3811,20110609,广东省,440000,韶关市,440200,29.2312182891
3812,20110610,广东省,440000,韶关市,440200,28.8713725163
3813,20110611,广东省,440000,韶关市,440200,27.9997758621
3814,20110612,广东省,440000,韶关市,440200,26.9594906049
3815,20110613,广东省,440000,韶关市,440200,27.5715015118
3816,20110614,广东省,440000,韶关市,440200,28.7686543587
3817,20110615,广东省,440000,韶关市,440200,27.1751090319
3818,20110616,广东省,440000,韶关市,440200,27.2433273609
3819,20110617,广东省,440000,韶关市,440200,27.2322931534
3820,20110618,广东省,440000,韶关市,440200,27.9854669326
3821,20110619,广东省,440000,韶关市,440200,29.3820256942
3822,20110620,广东省,440000,韶关市,440200,29.2468224061
3823,20110621,广东省,440000,韶关市,440200,28.877465028
3824,20110622,广东省,440000,韶关市,440200,27.7257868449
3825,20110623,广东省,440000,韶关市,440200,27.1052635388
3826,20110624,广东省,440000,韶关市,440200,28.7186819712
3827,20110625,广东省,440000,韶关市,440200,27.6480163183
3828,20110626,广东省,440000,韶关市,440200,27.4426199595
3829,20110627,广东省,440000,韶关市,440200,27.6270870796
3830,20110628,广东省,440000,韶关市,440200,26.6322051806
3831,20110629,广东省,440000,韶关市,440200,25.1739483858
3832,20110630,广东省,440000,韶关市,440200,26.2463239034
3833,20110701,广东省,440000,韶关市,440200,27.7754707336
3834,20110702,广东省,440000,韶关市,440200,29.2289802845
3835,20110703,广东省,440000,韶关市,440200,29.383502569
3836,20110704,广东省,440000,韶关市,440200,30.1765160194
3837,20110705,广东省,440000,韶关市,440200,30.5535601102
3838,20110706,广东省,440000,韶关市,440200,30.3752126938
3839,20110707,广东省,440000,韶关市,440200,30.4901473706
3840,20110708,广东省,440000,韶关市,440200,29.2672895285
3841,20110709,广东省,440000,韶关市,440200,28.1810935094
3842,20110710,广东省,440000,韶关市,440200,28.9604580219
3843,20110711,广东省,440000,韶关市,440200,28.0863867051
3844,20110712,广东省,440000,韶关市,440200,26.7189818651
3845,20110713,广东省,440000,韶关市,440200,27.5987703861
3846,20110714,广东省,440000,韶关市,440200,27.3362040887
3847,20110715,广东省,440000,韶关市,440200,26.1672449356
3848,20110716,广东省,440000,韶关市,440200,25.8947990613
3849,20110717,广东省,440000,韶关市,440200,27.6292476654
3850,20110718,广东省,440000,韶关市,440200,27.6513576508
3851,20110719,广东省,440000,韶关市,440200,27.9049307505
3852,20110720,广东省,440000,韶关市,440200,27.7453885201
3853,20110721,广东省,440000,韶关市,440200,29.0368414659
3854,20110722,广东省,440000,韶关市,440200,28.1818437332
3855,20110723,广东省,440000,韶关市,440200,29.7250934992
3856,20110724,广东省,440000,韶关市,440200,30.4721389184
3857,20110725,广东省,440000,韶关市,440200,31.1836845202
3858,20110726,广东省,440000,韶关市,440200,30.6150527856
3859,20110727,广东省,440000,韶关市,440200,30.0665787917
3860,20110728,广东省,440000,韶关市,440200,30.7800068488
3861,20110729,广东省,440000,韶关市,440200,27.7798349429
3862,20110730,广东省,440000,韶关市,440200,27.1474825541
3863,20110731,广东省,440000,韶关市,440200,27.8404012338
3864,20110801,广东省,440000,韶关市,440200,29.1923163487
3865,20110802,广东省,440000,韶关市,440200,29.6462358817
3866,20110803,广东省,440000,韶关市,440200,30.1518254891
3867,20110804,广东省,440000,韶关市,440200,30.3554471334
3868,20110805,广东省,440000,韶关市,440200,29.2876388354
3869,20110806,广东省,440000,韶关市,440200,28.5958400629
3870,20110807,广东省,440000,韶关市,440200,28.3315069737
3871,20110808,广东省,440000,韶关市,440200,27.5846409431
3872,20110809,广东省,440000,韶关市,440200,26.6140746581
3873,20110810,广东省,440000,韶关市,440200,27.2981050442
3874,20110811,广东省,440000,韶关市,440200,27.6405008267
3875,20110812,广东省,440000,韶关市,440200,29.4615195837
3876,20110813,广东省,440000,韶关市,440200,30.0600624084
3877,20110814,广东省,440000,韶关市,440200,30.0878983033
3878,20110815,广东省,440000,韶关市,440200,30.2558455834
3879,20110816,广东省,440000,韶关市,440200,30.0590090629
3880,20110817,广东省,440000,韶关市,440200,29.6953251178
3881,20110818,广东省,440000,韶关市,440200,29.1610043844
3882,20110819,广东省,440000,韶关市,440200,29.165207007
3883,20110820,广东省,440000,韶关市,440200,28.9766036792
3884,20110821,广东省,440000,韶关市,440200,29.7807508126
3885,20110822,广东省,440000,韶关市,440200,30.1785428463
3886,20110823,广东省,440000,韶关市,440200,28.7366691492
3887,20110824,广东省,440000,韶关市,440200,25.5238873408
3888,20110825,广东省,440000,韶关市,440200,26.1743303935
3889,20110826,广东省,440000,韶关市,440200,26.9711582966
3890,20110827,广东省,440000,韶关市,440200,27.9518454136
3891,20110828,广东省,440000,韶关市,440200,28.8820591951
3892,20110829,广东省,440000,韶关市,440200,28.6983770224
3893,20110830,广东省,440000,韶关市,440200,29.2005584423
3894,20110831,广东省,440000,韶关市,440200,25.3134422302
3895,20110901,广东省,440000,韶关市,440200,24.7577939645
3896,20110902,广东省,440000,韶关市,440200,26.113747719
3897,20110903,广东省,440000,韶关市,440200,26.956815524
3898,20110904,广东省,440000,韶关市,440200,28.3668271089
3899,20110905,广东省,440000,韶关市,440200,28.8634134928
3900,20110906,广东省,440000,韶关市,440200,28.3203012515
3901,20110907,广东省,440000,韶关市,440200,28.9916933989
3902,20110908,广东省,440000,韶关市,440200,28.9417963272
3903,20110909,广东省,440000,韶关市,440200,27.5542622591
3904,20110910,广东省,440000,韶关市,440200,26.3789554498
3905,20110911,广东省,440000,韶关市,440200,27.3635187394
3906,20110912,广东省,440000,韶关市,440200,27.9997438773
3907,20110913,广东省,440000,韶关市,440200,27.6904480763
3908,20110914,广东省,440000,韶关市,440200,27.5401263115
3909,20110915,广东省,440000,韶关市,440200,27.6945218306
3910,20110916,广东省,440000,韶关市,440200,27.1635215466
3911,20110917,广东省,440000,韶关市,440200,27.8545170319
3912,20110918,广东省,440000,韶关市,440200,27.4205591251
3913,20110919,广东省,440000,韶关市,440200,21.7542883066
3914,20110920,广东省,440000,韶关市,440200,19.9046032734
3915,20110921,广东省,440000,韶关市,440200,20.1285086901
3916,20110922,广东省,440000,韶关市,440200,22.2271179297
3917,20110923,广东省,440000,韶关市,440200,22.4392217
3918,20110924,广东省,440000,韶关市,440200,23.247449288
3919,20110925,广东省,440000,韶关市,440200,24.1227205717
3920,20110926,广东省,440000,韶关市,440200,25.4513030908
3921,20110927,广东省,440000,韶关市,440200,26.6159475278
3922,20110928,广东省,440000,韶关市,440200,28.3279507955
3923,20110929,广东省,440000,韶关市,440200,24.8700010349
3924,20110930,广东省,440000,韶关市,440200,24.4341035011
3925,20111001,广东省,440000,韶关市,440200,23.2740611052
3926,20111002,广东省,440000,韶关市,440200,21.9607218718
3927,20111003,广东省,440000,韶关市,440200,18.2653718606
3928,20111004,广东省,440000,韶关市,440200,17.9673060882
3929,20111005,广东省,440000,韶关市,440200,19.6122693282
3930,20111006,广东省,440000,韶关市,440200,19.8027844062
3931,20111007,广东省,440000,韶关市,440200,20.0035426311
3932,20111008,广东省,440000,韶关市,440200,22.1141697321
3933,20111009,广东省,440000,韶关市,440200,24.4303622124
3934,20111010,广东省,440000,韶关市,440200,26.1012700888
3935,20111011,广东省,440000,韶关市,440200,24.6491581354
3936,20111012,广东省,440000,韶关市,440200,23.7930417183
3937,20111013,广东省,440000,韶关市,440200,21.7701872312
3938,20111014,广东省,440000,韶关市,440200,21.0402943538
3939,20111015,广东省,440000,韶关市,440200,21.0719186343
3940,20111016,广东省,440000,韶关市,440200,20.8157843076
3941,20111017,广东省,440000,韶关市,440200,20.5994097392
3942,20111018,广东省,440000,韶关市,440200,20.538119634
3943,20111019,广东省,440000,韶关市,440200,20.6819850726
3944,20111020,广东省,440000,韶关市,440200,21.037501164
3945,20111021,广东省,440000,韶关市,440200,21.7495380304
3946,20111022,广东省,440000,韶关市,440200,22.6333234249
3947,20111023,广东省,440000,韶关市,440200,23.2570885878
3948,20111024,广东省,440000,韶关市,440200,22.4939896021
3949,20111025,广东省,440000,韶关市,440200,17.2657281925
3950,20111026,广东省,440000,韶关市,440200,18.4333304625
3951,20111027,广东省,440000,韶关市,440200,19.4709231548
3952,20111028,广东省,440000,韶关市,440200,19.0099173815
3953,20111029,广东省,440000,韶关市,440200,18.8128538376
3954,20111030,广东省,440000,韶关市,440200,18.8463263878
3955,20111031,广东省,440000,韶关市,440200,20.5213165283
3956,20111101,广东省,440000,韶关市,440200,20.7597239568
3957,20111102,广东省,440000,韶关市,440200,21.7553361746
3958,20111103,广东省,440000,韶关市,440200,23.0893586966
3959,20111104,广东省,440000,韶关市,440200,22.6051236666
3960,20111105,广东省,440000,韶关市,440200,23.2842475206
3961,20111106,广东省,440000,韶关市,440200,23.1426896315
3962,20111107,广东省,440000,韶关市,440200,23.5406551361
3963,20111108,广东省,440000,韶关市,440200,17.3617198651
3964,20111109,广东省,440000,韶关市,440200,14.5707541735
3965,20111110,广东省,440000,韶关市,440200,15.1353438451
3966,20111111,广东省,440000,韶关市,440200,15.8347361149
3967,20111112,广东省,440000,韶关市,440200,17.634026992
3968,20111113,广东省,440000,韶关市,440200,18.6791565235
3969,20111114,广东省,440000,韶关市,440200,19.1031065232
3970,20111115,广东省,440000,韶关市,440200,19.9211819967
3971,20111116,广东省,440000,韶关市,440200,21.3645227872
3972,20111117,广东省,440000,韶关市,440200,22.5932883238
3973,20111118,广东省,440000,韶关市,440200,22.2796041538
3974,20111119,广东省,440000,韶关市,440200,20.8859950824
3975,20111120,广东省,440000,韶关市,440200,17.9868125426
3976,20111121,广东省,440000,韶关市,440200,18.3331863208
3977,20111122,广东省,440000,韶关市,440200,18.693346317
3978,20111123,广东省,440000,韶关市,440200,17.1289751591
3979,20111124,广东省,440000,韶关市,440200,15.8098103205
3980,20111125,广东省,440000,韶关市,440200,16.6782882886
3981,20111126,广东省,440000,韶关市,440200,17.3146530543
3982,20111127,广东省,440000,韶关市,440200,18.6344085106
3983,20111128,广东省,440000,韶关市,440200,19.1193684309
3984,20111129,广东省,440000,韶关市,440200,19.2916940053
3985,20111130,广东省,440000,韶关市,440200,15.9471165828
3986,20111201,广东省,440000,韶关市,440200,8.40897061275
3987,20111202,广东省,440000,韶关市,440200,7.04747821123
3988,20111203,广东省,440000,韶关市,440200,9.31430232219
3989,20111204,广东省,440000,韶关市,440200,11.4378083547
3990,20111205,广东省,440000,韶关市,440200,14.5727534172
3991,20111206,广东省,440000,韶关市,440200,17.6678611315
3992,20111207,广东省,440000,韶关市,440200,14.8820002629
3993,20111208,广东省,440000,韶关市,440200,10.3411987134
3994,20111209,广东省,440000,韶关市,440200,8.8977917769
3995,20111210,广东省,440000,韶关市,440200,7.1578040123
3996,20111211,广东省,440000,韶关市,440200,7.55714497199
3997,20111212,广东省,440000,韶关市,440200,9.41531347617
3998,20111213,广东省,440000,韶关市,440200,11.0846612392
3999,20111214,广东省,440000,韶关市,440200,13.6583538789
4000,20111215,广东省,440000,韶关市,440200,12.6801493229
4001,20111216,广东省,440000,韶关市,440200,10.6303178103
4002,20111217,广东省,440000,韶关市,440200,10.4688512606
4003,20111218,广东省,440000,韶关市,440200,10.2955042643
4004,20111219,广东省,440000,韶关市,440200,10.2133240822
4005,20111220,广东省,440000,韶关市,440200,12.5918095173
4006,20111221,广东省,440000,韶关市,440200,13.5433007509
4007,20111222,广东省,440000,韶关市,440200,10.153538814
4008,20111223,广东省,440000,韶关市,440200,9.34056192789
4009,20111224,广东省,440000,韶关市,440200,7.5662623919
4010,20111225,广东省,440000,韶关市,440200,7.64590339172
4011,20111226,广东省,440000,韶关市,440200,9.77260252146
4012,20111227,广东省,440000,韶关市,440200,13.1407488065
4013,20111228,广东省,440000,韶关市,440200,14.4993763459
4014,20111229,广东省,440000,韶关市,440200,10.8492467098
4015,20111230,广东省,440000,韶关市,440200,10.3420993732
4016,20111231,广东省,440000,韶关市,440200,11.1124088703
4017,20120101,广东省,440000,韶关市,440200,11.9042127316
4018,20120102,广东省,440000,韶关市,440200,12.6442204744
4019,20120103,广东省,440000,韶关市,440200,8.05896249184
4020,20120104,广东省,440000,韶关市,440200,4.12353831071
4021,20120105,广东省,440000,韶关市,440200,3.46600710734
4022,20120106,广东省,440000,韶关市,440200,5.80086223284
4023,20120107,广东省,440000,韶关市,440200,6.94835137098
4024,20120108,广东省,440000,韶关市,440200,7.93414681997
4025,20120109,广东省,440000,韶关市,440200,9.45705075142
4026,20120110,广东省,440000,韶关市,440200,10.5280840947
4027,20120111,广东省,440000,韶关市,440200,10.2665713506
4028,20120112,广东省,440000,韶关市,440200,9.19878572073
4029,20120113,广东省,440000,韶关市,440200,10.6277097189
4030,20120114,广东省,440000,韶关市,440200,11.1952094665
4031,20120115,广东省,440000,韶关市,440200,8.68155723963
4032,20120116,广东省,440000,韶关市,440200,9.03429395725
4033,20120117,广东省,440000,韶关市,440200,10.664117214
4034,20120118,广东省,440000,韶关市,440200,12.6036120806
4035,20120119,广东省,440000,韶关市,440200,10.2289933547
4036,20120120,广东省,440000,韶关市,440200,9.30770290815
4037,20120121,广东省,440000,韶关市,440200,7.48599087886
4038,20120122,广东省,440000,韶关市,440200,3.99912669108
4039,20120123,广东省,440000,韶关市,440200,3.91053511546
4040,20120124,广东省,440000,韶关市,440200,3.10123074055
4041,20120125,广东省,440000,韶关市,440200,3.57570712689
4042,20120126,广东省,440000,韶关市,440200,3.86076808587
4043,20120127,广东省,440000,韶关市,440200,6.66399895839
4044,20120128,广东省,440000,韶关市,440200,8.14986729011
4045,20120129,广东省,440000,韶关市,440200,8.90360316252
4046,20120130,广东省,440000,韶关市,440200,9.00415655283
4047,20120131,广东省,440000,韶关市,440200,9.65559780903
4048,20120201,广东省,440000,韶关市,440200,10.7847646567
4049,20120202,广东省,440000,韶关市,440200,8.10411420235
4050,20120203,广东省,440000,韶关市,440200,7.34105649361
4051,20120204,广东省,440000,韶关市,440200,9.38623199707
4052,20120205,广东省,440000,韶关市,440200,12.0217229892
4053,20120206,广东省,440000,韶关市,440200,12.8961711541
4054,20120207,广东省,440000,韶关市,440200,9.32423419219
4055,20120208,广东省,440000,韶关市,440200,6.582852278
4056,20120209,广东省,440000,韶关市,440200,6.33392738685
4057,20120210,广东省,440000,韶关市,440200,4.77859173066
4058,20120211,广东省,440000,韶关市,440200,5.65168774434
4059,20120212,广东省,440000,韶关市,440200,9.27327415271
4060,20120213,广东省,440000,韶关市,440200,16.1113888667
4061,20120214,广东省,440000,韶关市,440200,19.2580057535
4062,20120215,广东省,440000,韶关市,440200,13.2013127498
4063,20120216,广东省,440000,韶关市,440200,8.61747912872
4064,20120217,广东省,440000,韶关市,440200,8.74904566545
4065,20120218,广东省,440000,韶关市,440200,9.14508153231
4066,20120219,广东省,440000,韶关市,440200,10.9949600269
4067,20120220,广东省,440000,韶关市,440200,14.1386523858
4068,20120221,广东省,440000,韶关市,440200,17.0810411649
4069,20120222,广东省,440000,韶关市,440200,19.2293382302
4070,20120223,广东省,440000,韶关市,440200,19.2246816097
4071,20120224,广东省,440000,韶关市,440200,12.6922003917
4072,20120225,广东省,440000,韶关市,440200,8.44461357899
4073,20120226,广东省,440000,韶关市,440200,6.38229588973
4074,20120227,广东省,440000,韶关市,440200,4.73299805935
4075,20120228,广东省,440000,韶关市,440200,7.76037523074
4076,20120229,广东省,440000,韶关市,440200,9.01213987057
4077,20120301,广东省,440000,韶关市,440200,10.9594405737
4078,20120302,广东省,440000,韶关市,440200,12.0502492342
4079,20120303,广东省,440000,韶关市,440200,11.7663090412
4080,20120304,广东省,440000,韶关市,440200,12.9753390092
4081,20120305,广东省,440000,韶关市,440200,14.8411898002
4082,20120306,广东省,440000,韶关市,440200,12.8139744294
4083,20120307,广东省,440000,韶关市,440200,10.8597307327
4084,20120308,广东省,440000,韶关市,440200,9.49660008993
4085,20120309,广东省,440000,韶关市,440200,8.10353782849
4086,20120310,广东省,440000,韶关市,440200,9.01822434939
4087,20120311,广东省,440000,韶关市,440200,10.0923237678
4088,20120312,广东省,440000,韶关市,440200,11.296924371
4089,20120313,广东省,440000,韶关市,440200,11.4244774549
4090,20120314,广东省,440000,韶关市,440200,12.831705558
4091,20120315,广东省,440000,韶关市,440200,15.8716376133
4092,20120316,广东省,440000,韶关市,440200,18.7450731718
4093,20120317,广东省,440000,韶关市,440200,21.6804233942
4094,20120318,广东省,440000,韶关市,440200,22.0428801806
4095,20120319,广东省,440000,韶关市,440200,22.7644193111
4096,20120320,广东省,440000,韶关市,440200,19.765475102
4097,20120321,广东省,440000,韶关市,440200,17.7749662155
4098,20120322,广东省,440000,韶关市,440200,20.800164883
4099,20120323,广东省,440000,韶关市,440200,11.6853049352
4100,20120324,广东省,440000,韶关市,440200,14.2028597074
4101,20120325,广东省,440000,韶关市,440200,15.7400405101
4102,20120326,广东省,440000,韶关市,440200,17.4048627707
4103,20120327,广东省,440000,韶关市,440200,19.3137726906
4104,20120328,广东省,440000,韶关市,440200,21.1039234064
4105,20120329,广东省,440000,韶关市,440200,22.2061852675
4106,20120330,广东省,440000,韶关市,440200,21.5641728915
4107,20120331,广东省,440000,韶关市,440200,18.053388351
4108,20120401,广东省,440000,韶关市,440200,20.9391542581
4109,20120402,广东省,440000,韶关市,440200,21.969147022
4110,20120403,广东省,440000,韶关市,440200,21.7071142441
4111,20120404,广东省,440000,韶关市,440200,22.1193433908
4112,20120405,广东省,440000,韶关市,440200,18.3472217658
4113,20120406,广东省,440000,韶关市,440200,17.1726221182
4114,20120407,广东省,440000,韶关市,440200,17.3160850085
4115,20120408,广东省,440000,韶关市,440200,17.0984337636
4116,20120409,广东省,440000,韶关市,440200,19.8784326896
4117,20120410,广东省,440000,韶关市,440200,24.7329179813
4118,20120411,广东省,440000,韶关市,440200,25.0813540434
4119,20120412,广东省,440000,韶关市,440200,24.2190601642
4120,20120413,广东省,440000,韶关市,440200,21.6249510936
4121,20120414,广东省,440000,韶关市,440200,24.3163722601
4122,20120415,广东省,440000,韶关市,440200,23.0145761539
4123,20120416,广东省,440000,韶关市,440200,20.5186827244
4124,20120417,广东省,440000,韶关市,440200,19.4156959729
4125,20120418,广东省,440000,韶关市,440200,20.105997379
4126,20120419,广东省,440000,韶关市,440200,21.6283224057
4127,20120420,广东省,440000,韶关市,440200,20.7658515832
4128,20120421,广东省,440000,韶关市,440200,20.9922729394
4129,20120422,广东省,440000,韶关市,440200,23.7793759077
4130,20120423,广东省,440000,韶关市,440200,23.9053902748
4131,20120424,广东省,440000,韶关市,440200,26.6646285913
4132,20120425,广东省,440000,韶关市,440200,20.4196552374
4133,20120426,广东省,440000,韶关市,440200,19.7047098111
4134,20120427,广东省,440000,韶关市,440200,19.7668409592
4135,20120428,广东省,440000,韶关市,440200,22.9606097784
4136,20120429,广东省,440000,韶关市,440200,26.1624047695
4137,20120430,广东省,440000,韶关市,440200,27.8171928601
4138,20120501,广东省,440000,韶关市,440200,27.38202007
4139,20120502,广东省,440000,韶关市,440200,25.5192299867
4140,20120503,广东省,440000,韶关市,440200,23.8709592086
4141,20120504,广东省,440000,韶关市,440200,25.6931171906
4142,20120505,广东省,440000,韶关市,440200,25.3664808518
4143,20120506,广东省,440000,韶关市,440200,25.3723185124
4144,20120507,广东省,440000,韶关市,440200,27.2244992378
4145,20120508,广东省,440000,韶关市,440200,28.666866058
4146,20120509,广东省,440000,韶关市,440200,29.1584232526
4147,20120510,广东省,440000,韶关市,440200,25.398413487
4148,20120511,广东省,440000,韶关市,440200,24.7332765139
4149,20120512,广东省,440000,韶关市,440200,25.7314467797
4150,20120513,广东省,440000,韶关市,440200,23.754236368
4151,20120514,广东省,440000,韶关市,440200,25.5256757492
4152,20120515,广东省,440000,韶关市,440200,22.6780932011
4153,20120516,广东省,440000,韶关市,440200,24.2437137702
4154,20120517,广东省,440000,韶关市,440200,26.3679189927
4155,20120518,广东省,440000,韶关市,440200,25.386761054
4156,20120519,广东省,440000,韶关市,440200,26.1323209909
4157,20120520,广东省,440000,韶关市,440200,26.0611304748
4158,20120521,广东省,440000,韶关市,440200,25.8486813276
4159,20120522,广东省,440000,韶关市,440200,25.5977675609
4160,20120523,广东省,440000,韶关市,440200,26.781639148
4161,20120524,广东省,440000,韶关市,440200,26.8342793293
4162,20120525,广东省,440000,韶关市,440200,25.6225351676
4163,20120526,广东省,440000,韶关市,440200,24.7150556613
4164,20120527,广东省,440000,韶关市,440200,25.0515494713
4165,20120528,广东省,440000,韶关市,440200,25.6822009942
4166,20120529,广东省,440000,韶关市,440200,26.1466027773
4167,20120530,广东省,440000,韶关市,440200,24.6845534398
4168,20120531,广东省,440000,韶关市,440200,23.9571653024
4169,20120601,广东省,440000,韶关市,440200,23.9273952582
4170,20120602,广东省,440000,韶关市,440200,23.6090059036
4171,20120603,广东省,440000,韶关市,440200,25.3370226347
4172,20120604,广东省,440000,韶关市,440200,25.4019095592
4173,20120605,广东省,440000,韶关市,440200,27.6012803591
4174,20120606,广东省,440000,韶关市,440200,28.1523993565
4175,20120607,广东省,440000,韶关市,440200,28.8379462805
4176,20120608,广东省,440000,韶关市,440200,29.4169322283
4177,20120609,广东省,440000,韶关市,440200,28.8688586308
4178,20120610,广东省,440000,韶关市,440200,28.9627003792
4179,20120611,广东省,440000,韶关市,440200,26.1055464133
4180,20120612,广东省,440000,韶关市,440200,27.0478411943
4181,20120613,广东省,440000,韶关市,440200,28.498675273
4182,20120614,广东省,440000,韶关市,440200,27.7470113803
4183,20120615,广东省,440000,韶关市,440200,27.2113708594
4184,20120616,广东省,440000,韶关市,440200,26.5682159815
4185,20120617,广东省,440000,韶关市,440200,26.7492462549
4186,20120618,广东省,440000,韶关市,440200,28.0537382762
4187,20120619,广东省,440000,韶关市,440200,28.1839722364
4188,20120620,广东省,440000,韶关市,440200,29.2615666512
4189,20120621,广东省,440000,韶关市,440200,25.9570674407
4190,20120622,广东省,440000,韶关市,440200,25.1268314948
4191,20120623,广东省,440000,韶关市,440200,25.1280594361
4192,20120624,广东省,440000,韶关市,440200,25.4142977886
4193,20120625,广东省,440000,韶关市,440200,26.6914598025
4194,20120626,广东省,440000,韶关市,440200,26.551080557
4195,20120627,广东省,440000,韶关市,440200,27.5362208929
4196,20120628,广东省,440000,韶关市,440200,29.044155023
4197,20120629,广东省,440000,韶关市,440200,29.9901521634
4198,20120630,广东省,440000,韶关市,440200,26.7723570604
4199,20120701,广东省,440000,韶关市,440200,27.8831324455
4200,20120702,广东省,440000,韶关市,440200,28.3063116807
4201,20120703,广东省,440000,韶关市,440200,28.9216189751
4202,20120704,广东省,440000,韶关市,440200,29.6141132453
4203,20120705,广东省,440000,韶关市,440200,28.6377089574
4204,20120706,广东省,440000,韶关市,440200,27.458892969
4205,20120707,广东省,440000,韶关市,440200,27.9692519261
4206,20120708,广东省,440000,韶关市,440200,29.1991865696
4207,20120709,广东省,440000,韶关市,440200,30.1805746127
4208,20120710,广东省,440000,韶关市,440200,30.2959473928
4209,20120711,广东省,440000,韶关市,440200,30.4872928522
4210,20120712,广东省,440000,韶关市,440200,30.2483960176
4211,20120713,广东省,440000,韶关市,440200,30.0248620449
4212,20120714,广东省,440000,韶关市,440200,30.7215156555
4213,20120715,广东省,440000,韶关市,440200,29.570399749
4214,20120716,广东省,440000,韶关市,440200,28.7655573625
4215,20120717,广东省,440000,韶关市,440200,28.2879698338
4216,20120718,广东省,440000,韶关市,440200,27.8141818413
4217,20120719,广东省,440000,韶关市,440200,29.1858905401
4218,20120720,广东省,440000,韶关市,440200,27.7221907591
4219,20120721,广东省,440000,韶关市,440200,30.0197340158
4220,20120722,广东省,440000,韶关市,440200,28.0932612786
4221,20120723,广东省,440000,韶关市,440200,27.6113765912
4222,20120724,广东省,440000,韶关市,440200,26.6954803467
4223,20120725,广东省,440000,韶关市,440200,25.9042356931
4224,20120726,广东省,440000,韶关市,440200,26.2893086458
4225,20120727,广东省,440000,韶关市,440200,26.205367015
4226,20120728,广东省,440000,韶关市,440200,27.0777958112
4227,20120729,广东省,440000,韶关市,440200,28.5413376246
4228,20120730,广东省,440000,韶关市,440200,28.0967399402
4229,20120731,广东省,440000,韶关市,440200,29.8015572964
4230,20120801,广东省,440000,韶关市,440200,30.5525616866
4231,20120802,广东省,440000,韶关市,440200,30.1337389335
4232,20120803,广东省,440000,韶关市,440200,27.7186451936
4233,20120804,广东省,440000,韶关市,440200,24.7846237574
4234,20120805,广东省,440000,韶关市,440200,25.2294428899
4235,20120806,广东省,440000,韶关市,440200,27.6848399333
4236,20120807,广东省,440000,韶关市,440200,28.7366131514
4237,20120808,广东省,440000,韶关市,440200,29.3236806332
4238,20120809,广东省,440000,韶关市,440200,29.4042003338
4239,20120810,广东省,440000,韶关市,440200,28.6916727897
4240,20120811,广东省,440000,韶关市,440200,28.1990347153
4241,20120812,广东省,440000,韶关市,440200,28.2618986276
4242,20120813,广东省,440000,韶关市,440200,27.1405439621
4243,20120814,广东省,440000,韶关市,440200,28.8207744207
4244,20120815,广东省,440000,韶关市,440200,30.2861423003
4245,20120816,广东省,440000,韶关市,440200,29.3731892415
4246,20120817,广东省,440000,韶关市,440200,27.7687192575
4247,20120818,广东省,440000,韶关市,440200,28.2084735479
4248,20120819,广东省,440000,韶关市,440200,29.0196770399
4249,20120820,广东省,440000,韶关市,440200,28.6090185703
4250,20120821,广东省,440000,韶关市,440200,27.6869913737
4251,20120822,广东省,440000,韶关市,440200,25.4607977745
4252,20120823,广东省,440000,韶关市,440200,25.654377864
4253,20120824,广东省,440000,韶关市,440200,26.2994714884
4254,20120825,广东省,440000,韶关市,440200,27.5212481572
4255,20120826,广东省,440000,韶关市,440200,28.3685029837
4256,20120827,广东省,440000,韶关市,440200,28.7375378731
4257,20120828,广东省,440000,韶关市,440200,28.2591580611
4258,20120829,广东省,440000,韶关市,440200,28.7967510223
4259,20120830,广东省,440000,韶关市,440200,28.7696198194
4260,20120831,广东省,440000,韶关市,440200,27.2305841201
4261,20120901,广东省,440000,韶关市,440200,28.0486301031
4262,20120902,广东省,440000,韶关市,440200,28.4794231317
4263,20120903,广东省,440000,韶关市,440200,25.9864429572
4264,20120904,广东省,440000,韶关市,440200,25.0854384104
4265,20120905,广东省,440000,韶关市,440200,25.7369710482
4266,20120906,广东省,440000,韶关市,440200,27.7413116846
4267,20120907,广东省,440000,韶关市,440200,26.4629279895
4268,20120908,广东省,440000,韶关市,440200,28.0137388767
4269,20120909,广东省,440000,韶关市,440200,28.5584469331
4270,20120910,广东省,440000,韶关市,440200,26.7159810188
4271,20120911,广东省,440000,韶关市,440200,27.6170903719
4272,20120912,广东省,440000,韶关市,440200,28.1104212052
4273,20120913,广东省,440000,韶关市,440200,23.7307817508
4274,20120914,广东省,440000,韶关市,440200,21.0068956033
4275,20120915,广东省,440000,韶关市,440200,22.068964249
4276,20120916,广东省,440000,韶关市,440200,23.3947684459
4277,20120917,广东省,440000,韶关市,440200,23.6594117483
4278,20120918,广东省,440000,韶关市,440200,23.8337668394
4279,20120919,广东省,440000,韶关市,440200,23.3894578004
4280,20120920,广东省,440000,韶关市,440200,22.4759469155
4281,20120921,广东省,440000,韶关市,440200,24.8165582021
4282,20120922,广东省,440000,韶关市,440200,26.9049703158
4283,20120923,广东省,440000,韶关市,440200,25.9652705559
4284,20120924,广东省,440000,韶关市,440200,24.2402968284
4285,20120925,广东省,440000,韶关市,440200,24.7087139227
4286,20120926,广东省,440000,韶关市,440200,25.387227034
4287,20120927,广东省,440000,韶关市,440200,25.7207110967
4288,20120928,广东省,440000,韶关市,440200,25.0199707227
4289,20120929,广东省,440000,韶关市,440200,22.516195444
4290,20120930,广东省,440000,韶关市,440200,21.249151181
4291,20121001,广东省,440000,韶关市,440200,21.6744280595
4292,20121002,广东省,440000,韶关市,440200,21.8952911084
4293,20121003,广东省,440000,韶关市,440200,22.6603433658
4294,20121004,广东省,440000,韶关市,440200,23.1051909618
4295,20121005,广东省,440000,韶关市,440200,23.4059476119
4296,20121006,广东省,440000,韶关市,440200,23.3234219184
4297,20121007,广东省,440000,韶关市,440200,24.1373737531
4298,20121008,广东省,440000,韶关市,440200,24.1127622555
4299,20121009,广东省,440000,韶关市,440200,23.5506294935
4300,20121010,广东省,440000,韶关市,440200,22.3360430889
4301,20121011,广东省,440000,韶关市,440200,21.737965755
4302,20121012,广东省,440000,韶关市,440200,21.9907119458
4303,20121013,广东省,440000,韶关市,440200,22.877506305
4304,20121014,广东省,440000,韶关市,440200,24.0484849979
4305,20121015,广东省,440000,韶关市,440200,24.9772622524
4306,20121016,广东省,440000,韶关市,440200,25.389576105
4307,20121017,广东省,440000,韶关市,440200,20.0592508561
4308,20121018,广东省,440000,韶关市,440200,20.1902979826
4309,20121019,广东省,440000,韶关市,440200,22.5393907596
4310,20121020,广东省,440000,韶关市,440200,23.8920783997
4311,20121021,广东省,440000,韶关市,440200,23.8584351173
4312,20121022,广东省,440000,韶关市,440200,23.5651490138
4313,20121023,广东省,440000,韶关市,440200,21.6621391101
4314,20121024,广东省,440000,韶关市,440200,22.2810730078
4315,20121025,广东省,440000,韶关市,440200,23.6863352947
4316,20121026,广东省,440000,韶关市,440200,24.965774585
4317,20121027,广东省,440000,韶关市,440200,22.5745977255
4318,20121028,广东省,440000,韶关市,440200,23.1397810716
4319,20121029,广东省,440000,韶关市,440200,22.9151167747
4320,20121030,广东省,440000,韶关市,440200,17.7746744889
4321,20121031,广东省,440000,韶关市,440200,16.7759787486
4322,20121101,广东省,440000,韶关市,440200,15.9712543732
4323,20121102,广东省,440000,韶关市,440200,17.6047354967
4324,20121103,广东省,440000,韶关市,440200,20.4852177547
4325,20121104,广东省,440000,韶关市,440200,18.4622500004
4326,20121105,广东省,440000,韶关市,440200,18.4626591022
4327,20121106,广东省,440000,韶关市,440200,18.8380595476
4328,20121107,广东省,440000,韶关市,440200,16.7178838436
4329,20121108,广东省,440000,韶关市,440200,17.8067309306
4330,20121109,广东省,440000,韶关市,440200,19.475680229
4331,20121110,广东省,440000,韶关市,440200,17.6327630557
4332,20121111,广东省,440000,韶关市,440200,14.3179057439
4333,20121112,广东省,440000,韶关市,440200,16.1846456039
4334,20121113,广东省,440000,韶关市,440200,18.5537663484
4335,20121114,广东省,440000,韶关市,440200,19.9143835704
4336,20121115,广东省,440000,韶关市,440200,21.2250457666
4337,20121116,广东省,440000,韶关市,440200,15.8079008689
4338,20121117,广东省,440000,韶关市,440200,13.2747090168
4339,20121118,广东省,440000,韶关市,440200,15.0736207473
4340,20121119,广东省,440000,韶关市,440200,18.6976840679
4341,20121120,广东省,440000,韶关市,440200,18.5815534347
4342,20121121,广东省,440000,韶关市,440200,19.2257205523
4343,20121122,广东省,440000,韶关市,440200,18.7527490274
4344,20121123,广东省,440000,韶关市,440200,14.2666839453
4345,20121124,广东省,440000,韶关市,440200,14.2795483516
4346,20121125,广东省,440000,韶关市,440200,15.4353245955
4347,20121126,广东省,440000,韶关市,440200,10.3198409936
4348,20121127,广东省,440000,韶关市,440200,11.3873938292
4349,20121128,广东省,440000,韶关市,440200,12.3757854608
4350,20121129,广东省,440000,韶关市,440200,14.2723149764
4351,20121130,广东省,440000,韶关市,440200,13.0583759944
4352,20121201,广东省,440000,韶关市,440200,12.4751968384
4353,20121202,广东省,440000,韶关市,440200,11.9890448741
4354,20121203,广东省,440000,韶关市,440200,11.4839840913
4355,20121204,广东省,440000,韶关市,440200,11.9824958703
4356,20121205,广东省,440000,韶关市,440200,11.3145999664
4357,20121206,广东省,440000,韶关市,440200,12.3342358516
4358,20121207,广东省,440000,韶关市,440200,14.7140421501
4359,20121208,广东省,440000,韶关市,440200,14.5873544644
4360,20121209,广东省,440000,韶关市,440200,14.6699771148
4361,20121210,广东省,440000,韶关市,440200,12.3790682768
4362,20121211,广东省,440000,韶关市,440200,9.74058043651
4363,20121212,广东省,440000,韶关市,440200,11.0633788476
4364,20121213,广东省,440000,韶关市,440200,14.9507396649
4365,20121214,广东省,440000,韶关市,440200,16.6443137633
4366,20121215,广东省,440000,韶关市,440200,18.9643831987
4367,20121216,广东省,440000,韶关市,440200,17.1904860521
4368,20121217,广东省,440000,韶关市,440200,13.821642191
4369,20121218,广东省,440000,韶关市,440200,8.26086901396
4370,20121219,广东省,440000,韶关市,440200,8.57873547383
4371,20121220,广东省,440000,韶关市,440200,11.3567318916
4372,20121221,广东省,440000,韶关市,440200,10.0442629227
4373,20121222,广东省,440000,韶关市,440200,7.04856175643
4374,20121223,广东省,440000,韶关市,440200,5.38297018027
4375,20121224,广东省,440000,韶关市,440200,6.59308023942
4376,20121225,广东省,440000,韶关市,440200,11.6103601945
4377,20121226,广东省,440000,韶关市,440200,11.0261414724
4378,20121227,广东省,440000,韶关市,440200,8.84841448221
4379,20121228,广东省,440000,韶关市,440200,11.4656817363
4380,20121229,广东省,440000,韶关市,440200,6.6121672667
4381,20121230,广东省,440000,韶关市,440200,3.89223624804
4382,20121231,广东省,440000,韶关市,440200,6.36200222602
4383,20130101,广东省,440000,韶关市,440200,9.14804897553
4384,20130102,广东省,440000,韶关市,440200,10.8792132842
4385,20130103,广东省,440000,韶关市,440200,4.52772113604
4386,20130104,广东省,440000,韶关市,440200,2.35380980296
4387,20130105,广东省,440000,韶关市,440200,3.90031544826
4388,20130106,广东省,440000,韶关市,440200,4.6048438549
4389,20130107,广东省,440000,韶关市,440200,8.02061236822
4390,20130108,广东省,440000,韶关市,440200,8.48758774537
4391,20130109,广东省,440000,韶关市,440200,7.45768703559
4392,20130110,广东省,440000,韶关市,440200,9.12929852804
4393,20130111,广东省,440000,韶关市,440200,9.04318300883
4394,20130112,广东省,440000,韶关市,440200,10.0019393945
4395,20130113,广东省,440000,韶关市,440200,10.4651247171
4396,20130114,广东省,440000,韶关市,440200,9.89369781201
4397,20130115,广东省,440000,韶关市,440200,12.2599728902
4398,20130116,广东省,440000,韶关市,440200,13.8575235269
4399,20130117,广东省,440000,韶关市,440200,10.618415857
4400,20130118,广东省,440000,韶关市,440200,8.94192073284
4401,20130119,广东省,440000,韶关市,440200,12.3631160443
4402,20130120,广东省,440000,韶关市,440200,14.5968595162
4403,20130121,广东省,440000,韶关市,440200,15.2988686439
4404,20130122,广东省,440000,韶关市,440200,13.1586196606
4405,20130123,广东省,440000,韶关市,440200,12.3189001572
4406,20130124,广东省,440000,韶关市,440200,12.1563237508
4407,20130125,广东省,440000,韶关市,440200,12.9413715754
4408,20130126,广东省,440000,韶关市,440200,11.1489102046
4409,20130127,广东省,440000,韶关市,440200,11.4082402449
4410,20130128,广东省,440000,韶关市,440200,13.5547846525
4411,20130129,广东省,440000,韶关市,440200,15.7918935433
4412,20130130,广东省,440000,韶关市,440200,17.265555015
4413,20130131,广东省,440000,韶关市,440200,17.9980605199
4414,20130201,广东省,440000,韶关市,440200,19.0301170349
4415,20130202,广东省,440000,韶关市,440200,19.6840660878
4416,20130203,广东省,440000,韶关市,440200,20.6786366976
4417,20130204,广东省,440000,韶关市,440200,20.1117759118
4418,20130205,广东省,440000,韶关市,440200,19.6815922321
4419,20130206,广东省,440000,韶关市,440200,19.2490333655
4420,20130207,广东省,440000,韶关市,440200,15.2679633116
4421,20130208,广东省,440000,韶关市,440200,5.79974890061
4422,20130209,广东省,440000,韶关市,440200,5.71819839111
4423,20130210,广东省,440000,韶关市,440200,8.05238930384
4424,20130211,广东省,440000,韶关市,440200,10.2244413327
4425,20130212,广东省,440000,韶关市,440200,9.27070244765
4426,20130213,广东省,440000,韶关市,440200,12.5077394339
4427,20130214,广东省,440000,韶关市,440200,15.5127028685
4428,20130215,广东省,440000,韶关市,440200,10.7116440993
4429,20130216,广东省,440000,韶关市,440200,12.4214653113
4430,20130217,广东省,440000,韶关市,440200,17.436564959
4431,20130218,广东省,440000,韶关市,440200,18.5981272184
4432,20130219,广东省,440000,韶关市,440200,9.85468621132
4433,20130220,广东省,440000,韶关市,440200,9.40733482899
4434,20130221,广东省,440000,韶关市,440200,11.3242328595
4435,20130222,广东省,440000,韶关市,440200,11.3304921908
4436,20130223,广东省,440000,韶关市,440200,11.9324910091
4437,20130224,广东省,440000,韶关市,440200,17.482847067
4438,20130225,广东省,440000,韶关市,440200,19.8863890232
4439,20130226,广东省,440000,韶关市,440200,19.0140788983
4440,20130227,广东省,440000,韶关市,440200,20.4134902954
4441,20130228,广东省,440000,韶关市,440200,20.5281949166
4442,20130301,广东省,440000,韶关市,440200,16.559226843
4443,20130302,广东省,440000,韶关市,440200,8.55886456905
4444,20130303,广东省,440000,韶关市,440200,9.15236822764
4445,20130304,广东省,440000,韶关市,440200,12.6181792724
4446,20130305,广东省,440000,韶关市,440200,14.6650378887
4447,20130306,广东省,440000,韶关市,440200,16.7116588201
4448,20130307,广东省,440000,韶关市,440200,18.2089484777
4449,20130308,广东省,440000,韶关市,440200,19.9330515739
4450,20130309,广东省,440000,韶关市,440200,21.4125416585
4451,20130310,广东省,440000,韶关市,440200,20.6838316795
4452,20130311,广东省,440000,韶关市,440200,21.4451392736
4453,20130312,广东省,440000,韶关市,440200,21.491280678
4454,20130313,广东省,440000,韶关市,440200,19.7468097638
4455,20130314,广东省,440000,韶关市,440200,14.7648784197
4456,20130315,广东省,440000,韶关市,440200,17.8236648364
4457,20130316,广东省,440000,韶关市,440200,20.650517586
4458,20130317,广东省,440000,韶关市,440200,19.8223342406
4459,20130318,广东省,440000,韶关市,440200,20.5352680989
4460,20130319,广东省,440000,韶关市,440200,22.6177324148
4461,20130320,广东省,440000,韶关市,440200,20.2372113252
4462,20130321,广东省,440000,韶关市,440200,21.2899091183
4463,20130322,广东省,440000,韶关市,440200,22.7577852591
4464,20130323,广东省,440000,韶关市,440200,22.5832951864
4465,20130324,广东省,440000,韶关市,440200,19.8948484078
4466,20130325,广东省,440000,韶关市,440200,19.0385258014
4467,20130326,广东省,440000,韶关市,440200,15.6180651004
4468,20130327,广东省,440000,韶关市,440200,15.9449910139
4469,20130328,广东省,440000,韶关市,440200,16.0503052932
4470,20130329,广东省,440000,韶关市,440200,18.2010789529
4471,20130330,广东省,440000,韶关市,440200,16.8668355208
4472,20130331,广东省,440000,韶关市,440200,17.8495005094
4473,20130401,广东省,440000,韶关市,440200,19.0761664953
4474,20130402,广东省,440000,韶关市,440200,19.3469674526
4475,20130403,广东省,440000,韶关市,440200,19.459121215
4476,20130404,广东省,440000,韶关市,440200,20.1911972242
4477,20130405,广东省,440000,韶关市,440200,19.8057064643
4478,20130406,广东省,440000,韶关市,440200,12.5850779215
4479,20130407,广东省,440000,韶关市,440200,14.7486035763
4480,20130408,广东省,440000,韶关市,440200,14.9751042342
4481,20130409,广东省,440000,韶关市,440200,16.9999097188
4482,20130410,广东省,440000,韶关市,440200,16.7016771512
4483,20130411,广东省,440000,韶关市,440200,14.7081662447
4484,20130412,广东省,440000,韶关市,440200,16.8319125542
4485,20130413,广东省,440000,韶关市,440200,17.0999398843
4486,20130414,广东省,440000,韶关市,440200,20.1669340867
4487,20130415,广东省,440000,韶关市,440200,23.6140596439
4488,20130416,广东省,440000,韶关市,440200,22.1761747507
4489,20130417,广东省,440000,韶关市,440200,24.8369352879
4490,20130418,广东省,440000,韶关市,440200,25.650247476
4491,20130419,广东省,440000,韶关市,440200,25.2847095392
4492,20130420,广东省,440000,韶关市,440200,18.5527847975
4493,20130421,广东省,440000,韶关市,440200,16.3783070002
4494,20130422,广东省,440000,韶关市,440200,18.3274897062
4495,20130423,广东省,440000,韶关市,440200,21.8820557228
4496,20130424,广东省,440000,韶关市,440200,21.035872924
4497,20130425,广东省,440000,韶关市,440200,19.1122442881
4498,20130426,广东省,440000,韶关市,440200,19.5490012536
4499,20130427,广东省,440000,韶关市,440200,21.2159588643
4500,20130428,广东省,440000,韶关市,440200,23.2833387913
4501,20130429,广东省,440000,韶关市,440200,23.7538626744
4502,20130430,广东省,440000,韶关市,440200,20.7690765674
4503,20130501,广东省,440000,韶关市,440200,20.1934934274
4504,20130502,广东省,440000,韶关市,440200,19.9327133374
4505,20130503,广东省,440000,韶关市,440200,19.2413837237
4506,20130504,广东省,440000,韶关市,440200,19.3689096891
4507,20130505,广东省,440000,韶关市,440200,22.488686586
4508,20130506,广东省,440000,韶关市,440200,24.1176094153
4509,20130507,广东省,440000,韶关市,440200,24.2276569758
4510,20130508,广东省,440000,韶关市,440200,23.6397675245
4511,20130509,广东省,440000,韶关市,440200,24.7871449788
4512,20130510,广东省,440000,韶关市,440200,23.0807564075
4513,20130511,广东省,440000,韶关市,440200,22.6175179115
4514,20130512,广东省,440000,韶关市,440200,24.5598347982
4515,20130513,广东省,440000,韶关市,440200,25.9884948241
4516,20130514,广东省,440000,韶关市,440200,26.5997788356
4517,20130515,广东省,440000,韶关市,440200,24.611476996
4518,20130516,广东省,440000,韶关市,440200,23.6985358214
4519,20130517,广东省,440000,韶关市,440200,24.4162105658
4520,20130518,广东省,440000,韶关市,440200,26.6373634827
4521,20130519,广东省,440000,韶关市,440200,24.4877695915
4522,20130520,广东省,440000,韶关市,440200,23.2889219431
4523,20130521,广东省,440000,韶关市,440200,23.8886785752
4524,20130522,广东省,440000,韶关市,440200,26.1823314765
4525,20130523,广东省,440000,韶关市,440200,27.9053004338
4526,20130524,广东省,440000,韶关市,440200,28.7684287536
4527,20130525,广东省,440000,韶关市,440200,25.185796591
4528,20130526,广东省,440000,韶关市,440200,26.5481000069
4529,20130527,广东省,440000,韶关市,440200,27.7846591656
4530,20130528,广东省,440000,韶关市,440200,27.8317230909
4531,20130529,广东省,440000,韶关市,440200,26.4896636865
4532,20130530,广东省,440000,韶关市,440200,26.5457139137
4533,20130531,广东省,440000,韶关市,440200,28.7477471278
4534,20130601,广东省,440000,韶关市,440200,29.5136596484
4535,20130602,广东省,440000,韶关市,440200,27.038657653
4536,20130603,广东省,440000,韶关市,440200,27.1048024495
4537,20130604,广东省,440000,韶关市,440200,25.6933207879
4538,20130605,广东省,440000,韶关市,440200,25.5465743725
4539,20130606,广东省,440000,韶关市,440200,27.2296485412
4540,20130607,广东省,440000,韶关市,440200,28.221093349
4541,20130608,广东省,440000,韶关市,440200,27.7864234631
4542,20130609,广东省,440000,韶关市,440200,26.9862177433
4543,20130610,广东省,440000,韶关市,440200,23.3945762439
4544,20130611,广东省,440000,韶关市,440200,21.3879270798
4545,20130612,广东省,440000,韶关市,440200,23.4180059678
4546,20130613,广东省,440000,韶关市,440200,24.3532879658
4547,20130614,广东省,440000,韶关市,440200,25.2497878441
4548,20130615,广东省,440000,韶关市,440200,26.0574615674
4549,20130616,广东省,440000,韶关市,440200,27.2267907461
4550,20130617,广东省,440000,韶关市,440200,28.3627239619
4551,20130618,广东省,440000,韶关市,440200,29.324732218
4552,20130619,广东省,440000,韶关市,440200,30.0109991416
4553,20130620,广东省,440000,韶关市,440200,29.8401703957
4554,20130621,广东省,440000,韶关市,440200,29.5384810521
4555,20130622,广东省,440000,韶关市,440200,28.3542839442
4556,20130623,广东省,440000,韶关市,440200,27.5691897563
4557,20130624,广东省,440000,韶关市,440200,27.2222148211
4558,20130625,广东省,440000,韶关市,440200,27.4417796991
4559,20130626,广东省,440000,韶关市,440200,29.203123973
4560,20130627,广东省,440000,韶关市,440200,29.8615927085
4561,20130628,广东省,440000,韶关市,440200,29.3926066374
4562,20130629,广东省,440000,韶关市,440200,30.1712255722
4563,20130630,广东省,440000,韶关市,440200,29.9302871411
4564,20130701,广东省,440000,韶关市,440200,28.5537793575
4565,20130702,广东省,440000,韶关市,440200,27.4988144606
4566,20130703,广东省,440000,韶关市,440200,29.7224022792
4567,20130704,广东省,440000,韶关市,440200,30.0257993845
4568,20130705,广东省,440000,韶关市,440200,29.7860356844
4569,20130706,广东省,440000,韶关市,440200,29.5015752254
4570,20130707,广东省,440000,韶关市,440200,28.0016792004
4571,20130708,广东省,440000,韶关市,440200,27.7368925535
4572,20130709,广东省,440000,韶关市,440200,28.3587997632
4573,20130710,广东省,440000,韶关市,440200,29.1502942794
4574,20130711,广东省,440000,韶关市,440200,29.4439530984
4575,20130712,广东省,440000,韶关市,440200,29.9871918605
4576,20130713,广东省,440000,韶关市,440200,31.3818027301
4577,20130714,广东省,440000,韶关市,440200,27.4704814813
4578,20130715,广东省,440000,韶关市,440200,26.626140301
4579,20130716,广东省,440000,韶关市,440200,27.1558149289
4580,20130717,广东省,440000,韶关市,440200,27.1307255672
4581,20130718,广东省,440000,韶关市,440200,28.1498965728
4582,20130719,广东省,440000,韶关市,440200,28.0123482729
4583,20130720,广东省,440000,韶关市,440200,26.887929085
4584,20130721,广东省,440000,韶关市,440200,27.3849318089
4585,20130722,广东省,440000,韶关市,440200,28.3230679341
4586,20130723,广东省,440000,韶关市,440200,28.958464109
4587,20130724,广东省,440000,韶关市,440200,27.7811650007
4588,20130725,广东省,440000,韶关市,440200,27.0635861128
4589,20130726,广东省,440000,韶关市,440200,26.5625964434
4590,20130727,广东省,440000,韶关市,440200,26.6559993548
4591,20130728,广东省,440000,韶关市,440200,27.0053938352
4592,20130729,广东省,440000,韶关市,440200,28.671970612
4593,20130730,广东省,440000,韶关市,440200,29.6872799213
4594,20130731,广东省,440000,韶关市,440200,29.5225830567
4595,20130801,广东省,440000,韶关市,440200,28.9665038769
4596,20130802,广东省,440000,韶关市,440200,27.6123203375
4597,20130803,广东省,440000,韶关市,440200,27.5504360199
4598,20130804,广东省,440000,韶关市,440200,29.3690289228
4599,20130805,广东省,440000,韶关市,440200,29.9437279334
4600,20130806,广东省,440000,韶关市,440200,30.1679427318
4601,20130807,广东省,440000,韶关市,440200,29.6628747598
4602,20130808,广东省,440000,韶关市,440200,29.598903656
4603,20130809,广东省,440000,韶关市,440200,30.5367562221
4604,20130810,广东省,440000,韶关市,440200,29.4782281533
4605,20130811,广东省,440000,韶关市,440200,28.4919097118
4606,20130812,广东省,440000,韶关市,440200,30.0547163548
4607,20130813,广东省,440000,韶关市,440200,28.183834565
4608,20130814,广东省,440000,韶关市,440200,26.4339431861
4609,20130815,广东省,440000,韶关市,440200,25.5592602461
4610,20130816,广东省,440000,韶关市,440200,24.8900805742
4611,20130817,广东省,440000,韶关市,440200,24.4568568988
4612,20130818,广东省,440000,韶关市,440200,25.425460522
4613,20130819,广东省,440000,韶关市,440200,27.8189497239
4614,20130820,广东省,440000,韶关市,440200,28.0455652873
4615,20130821,广东省,440000,韶关市,440200,28.2656283745
4616,20130822,广东省,440000,韶关市,440200,26.3444110186
4617,20130823,广东省,440000,韶关市,440200,25.9623905084
4618,20130824,广东省,440000,韶关市,440200,26.7868135403
4619,20130825,广东省,440000,韶关市,440200,26.7324358133
4620,20130826,广东省,440000,韶关市,440200,28.2440783183
4621,20130827,广东省,440000,韶关市,440200,29.5143917279
4622,20130828,广东省,440000,韶关市,440200,30.122031383
4623,20130829,广东省,440000,韶关市,440200,29.3542582194
4624,20130830,广东省,440000,韶关市,440200,25.1123712491
4625,20130831,广东省,440000,韶关市,440200,26.9993461218
4626,20130901,广东省,440000,韶关市,440200,26.3166589492
4627,20130902,广东省,440000,韶关市,440200,26.4133193187
4628,20130903,广东省,440000,韶关市,440200,24.9317420568
4629,20130904,广东省,440000,韶关市,440200,22.7583944859
4630,20130905,广东省,440000,韶关市,440200,23.9406926082
4631,20130906,广东省,440000,韶关市,440200,23.8463697189
4632,20130907,广东省,440000,韶关市,440200,25.0822765644
4633,20130908,广东省,440000,韶关市,440200,26.6453709236
4634,20130909,广东省,440000,韶关市,440200,28.037488106
4635,20130910,广东省,440000,韶关市,440200,28.8073996519
4636,20130911,广东省,440000,韶关市,440200,28.4071546212
4637,20130912,广东省,440000,韶关市,440200,27.1851304372
4638,20130913,广东省,440000,韶关市,440200,27.1271525652
4639,20130914,广东省,440000,韶关市,440200,27.5594535241
4640,20130915,广东省,440000,韶关市,440200,28.3422226539
4641,20130916,广东省,440000,韶关市,440200,27.9545961527
4642,20130917,广东省,440000,韶关市,440200,26.6337055793
4643,20130918,广东省,440000,韶关市,440200,26.0099576803
4644,20130919,广东省,440000,韶关市,440200,27.629528388
4645,20130920,广东省,440000,韶关市,440200,28.6255716666
4646,20130921,广东省,440000,韶关市,440200,30.0809046427
4647,20130922,广东省,440000,韶关市,440200,26.6149341877
4648,20130923,广东省,440000,韶关市,440200,25.5254326356
4649,20130924,广东省,440000,韶关市,440200,27.1656215374
4650,20130925,广东省,440000,韶关市,440200,23.0689113324
4651,20130926,广东省,440000,韶关市,440200,20.0670419351
4652,20130927,广东省,440000,韶关市,440200,22.6864840679
4653,20130928,广东省,440000,韶关市,440200,22.6553414174
4654,20130929,广东省,440000,韶关市,440200,23.2603185605
4655,20130930,广东省,440000,韶关市,440200,22.8022439908
4656,20131001,广东省,440000,韶关市,440200,25.4325721447
4657,20131002,广东省,440000,韶关市,440200,24.5677916698
4658,20131003,广东省,440000,韶关市,440200,23.5409557147
4659,20131004,广东省,440000,韶关市,440200,22.1034627572
4660,20131005,广东省,440000,韶关市,440200,22.3314110683
4661,20131006,广东省,440000,韶关市,440200,24.8640712836
4662,20131007,广东省,440000,韶关市,440200,24.7057257432
4663,20131008,广东省,440000,韶关市,440200,22.764170231
4664,20131009,广东省,440000,韶关市,440200,23.0630935278
4665,20131010,广东省,440000,韶关市,440200,25.0339125609
4666,20131011,广东省,440000,韶关市,440200,25.7310951918
4667,20131012,广东省,440000,韶关市,440200,25.6945668734
4668,20131013,广东省,440000,韶关市,440200,24.9826709552
4669,20131014,广东省,440000,韶关市,440200,24.1725974939
4670,20131015,广东省,440000,韶关市,440200,22.9116419768
4671,20131016,广东省,440000,韶关市,440200,20.2746247023
4672,20131017,广东省,440000,韶关市,440200,20.7654968653
4673,20131018,广东省,440000,韶关市,440200,19.7547126183
4674,20131019,广东省,440000,韶关市,440200,20.0057818584
4675,20131020,广东省,440000,韶关市,440200,20.412435336
4676,20131021,广东省,440000,韶关市,440200,20.7257395035
4677,20131022,广东省,440000,韶关市,440200,21.0112028366
4678,20131023,广东省,440000,韶关市,440200,19.7159030621
4679,20131024,广东省,440000,韶关市,440200,20.8914159628
4680,20131025,广东省,440000,韶关市,440200,18.8514045324
4681,20131026,广东省,440000,韶关市,440200,16.5433321488
4682,20131027,广东省,440000,韶关市,440200,17.4017833808
4683,20131028,广东省,440000,韶关市,440200,19.6857765882
4684,20131029,广东省,440000,韶关市,440200,20.1661538344
4685,20131030,广东省,440000,韶关市,440200,21.5732402802
4686,20131031,广东省,440000,韶关市,440200,21.9739156381
4687,20131101,广东省,440000,韶关市,440200,22.2534292661
4688,20131102,广东省,440000,韶关市,440200,22.227046233
4689,20131103,广东省,440000,韶关市,440200,21.3584773235
4690,20131104,广东省,440000,韶关市,440200,20.9763577779
4691,20131105,广东省,440000,韶关市,440200,20.4428849832
4692,20131106,广东省,440000,韶关市,440200,21.0802214207
4693,20131107,广东省,440000,韶关市,440200,20.954973661
4694,20131108,广东省,440000,韶关市,440200,22.3336023184
4695,20131109,广东省,440000,韶关市,440200,24.7398147094
4696,20131110,广东省,440000,韶关市,440200,21.2032217857
4697,20131111,广东省,440000,韶关市,440200,18.6809859887
4698,20131112,广东省,440000,韶关市,440200,14.6685028321
4699,20131113,广东省,440000,韶关市,440200,14.2244540728
4700,20131114,广东省,440000,韶关市,440200,14.8584030102
4701,20131115,广东省,440000,韶关市,440200,14.7231157743
4702,20131116,广东省,440000,韶关市,440200,16.3512549034
4703,20131117,广东省,440000,韶关市,440200,15.8127793043
4704,20131118,广东省,440000,韶关市,440200,16.6081818067
4705,20131119,广东省,440000,韶关市,440200,16.1059113282
4706,20131120,广东省,440000,韶关市,440200,15.5016277753
4707,20131121,广东省,440000,韶关市,440200,17.148333525
4708,20131122,广东省,440000,韶关市,440200,17.485074948
4709,20131123,广东省,440000,韶关市,440200,19.2306418297
4710,20131124,广东省,440000,韶关市,440200,14.6601077838
4711,20131125,广东省,440000,韶关市,440200,12.4336021619
4712,20131126,广东省,440000,韶关市,440200,14.7576932663
4713,20131127,广东省,440000,韶关市,440200,12.0542193926
4714,20131128,广东省,440000,韶关市,440200,11.1772365326
4715,20131129,广东省,440000,韶关市,440200,9.31337393247
4716,20131130,广东省,440000,韶关市,440200,11.2318884776
4717,20131201,广东省,440000,韶关市,440200,12.3051546537
4718,20131202,广东省,440000,韶关市,440200,12.2980161325
4719,20131203,广东省,440000,韶关市,440200,13.4455448542
4720,20131204,广东省,440000,韶关市,440200,12.8305822275
4721,20131205,广东省,440000,韶关市,440200,11.8493269651
4722,20131206,广东省,440000,韶关市,440200,12.1810986446
4723,20131207,广东省,440000,韶关市,440200,12.6236968896
4724,20131208,广东省,440000,韶关市,440200,14.729832796
4725,20131209,广东省,440000,韶关市,440200,14.8252430207
4726,20131210,广东省,440000,韶关市,440200,14.2021960968
4727,20131211,广东省,440000,韶关市,440200,11.9581300784
4728,20131212,广东省,440000,韶关市,440200,12.6182701893
4729,20131213,广东省,440000,韶关市,440200,12.3314277698
4730,20131214,广东省,440000,韶关市,440200,11.0724841876
4731,20131215,广东省,440000,韶关市,440200,9.49857826722
4732,20131216,广东省,440000,韶关市,440200,7.35140536382
4733,20131217,广东省,440000,韶关市,440200,7.4243712792
4734,20131218,广东省,440000,韶关市,440200,7.3810595977
4735,20131219,广东省,440000,韶关市,440200,7.21742818294
4736,20131220,广东省,440000,韶关市,440200,7.69207609617
4737,20131221,广东省,440000,韶关市,440200,6.83098543607
4738,20131222,广东省,440000,韶关市,440200,6.26306215922
4739,20131223,广东省,440000,韶关市,440200,7.54309467169
4740,20131224,广东省,440000,韶关市,440200,8.00591372221
4741,20131225,广东省,440000,韶关市,440200,8.23689183211
4742,20131226,广东省,440000,韶关市,440200,9.6850932806
4743,20131227,广东省,440000,韶关市,440200,6.48979846025
4744,20131228,广东省,440000,韶关市,440200,6.01114517603
4745,20131229,广东省,440000,韶关市,440200,6.41750965363
4746,20131230,广东省,440000,韶关市,440200,7.79448148532
4747,20131231,广东省,440000,韶关市,440200,8.70910256948
4748,20140101,广东省,440000,韶关市,440200,9.65361162332
4749,20140102,广东省,440000,韶关市,440200,12.8387300785
4750,20140103,广东省,440000,韶关市,440200,14.3351002718
4751,20140104,广东省,440000,韶关市,440200,10.9746826368
4752,20140105,广东省,440000,韶关市,440200,10.7289549999
4753,20140106,广东省,440000,韶关市,440200,13.6421474066
4754,20140107,广东省,440000,韶关市,440200,13.9940344493
4755,20140108,广东省,440000,韶关市,440200,9.56454339394
4756,20140109,广东省,440000,韶关市,440200,9.48795181666
4757,20140110,广东省,440000,韶关市,440200,9.96584884937
4758,20140111,广东省,440000,韶关市,440200,12.2148504379
4759,20140112,广东省,440000,韶关市,440200,8.96683442287
4760,20140113,广东省,440000,韶关市,440200,7.55846555416
4761,20140114,广东省,440000,韶关市,440200,7.63461094636
4762,20140115,广东省,440000,韶关市,440200,7.28791939907
4763,20140116,广东省,440000,韶关市,440200,9.27536871494
4764,20140117,广东省,440000,韶关市,440200,11.404198133
4765,20140118,广东省,440000,韶关市,440200,9.92380719307
4766,20140119,广东省,440000,韶关市,440200,9.029077481
4767,20140120,广东省,440000,韶关市,440200,10.1037696447
4768,20140121,广东省,440000,韶关市,440200,8.64669682429
4769,20140122,广东省,440000,韶关市,440200,7.37811905298
4770,20140123,广东省,440000,韶关市,440200,8.92269371717
4771,20140124,广东省,440000,韶关市,440200,12.4696513445
4772,20140125,广东省,440000,韶关市,440200,14.6336504129
4773,20140126,广东省,440000,韶关市,440200,15.3409676919
4774,20140127,广东省,440000,韶关市,440200,14.7615224887
4775,20140128,广东省,440000,韶关市,440200,15.8423372415
4776,20140129,广东省,440000,韶关市,440200,15.6312600649
4777,20140130,广东省,440000,韶关市,440200,16.6825154622
4778,20140131,广东省,440000,韶关市,440200,17.9466563983
4779,20140201,广东省,440000,韶关市,440200,18.093770883
4780,20140202,广东省,440000,韶关市,440200,18.1389927986
4781,20140203,广东省,440000,韶关市,440200,19.0260265546
4782,20140204,广东省,440000,韶关市,440200,16.5795608423
4783,20140205,广东省,440000,韶关市,440200,17.4598197937
4784,20140206,广东省,440000,韶关市,440200,17.0674565022
4785,20140207,广东省,440000,韶关市,440200,8.8430317732
4786,20140208,广东省,440000,韶关市,440200,6.80390890439
4787,20140209,广东省,440000,韶关市,440200,4.52608140004
4788,20140210,广东省,440000,韶关市,440200,3.03576705089
4789,20140211,广东省,440000,韶关市,440200,2.85381047848
4790,20140212,广东省,440000,韶关市,440200,3.20963476254
4791,20140213,广东省,440000,韶关市,440200,3.67443655393
4792,20140214,广东省,440000,韶关市,440200,4.89995716168
4793,20140215,广东省,440000,韶关市,440200,6.55890632287
4794,20140216,广东省,440000,韶关市,440200,8.21227764472
4795,20140217,广东省,440000,韶关市,440200,9.97153370197
4796,20140218,广东省,440000,韶关市,440200,5.56662882291
4797,20140219,广东省,440000,韶关市,440200,3.90664107372
4798,20140220,广东省,440000,韶关市,440200,7.82227948996
4799,20140221,广东省,440000,韶关市,440200,10.4633843593
4800,20140222,广东省,440000,韶关市,440200,11.6938338157
4801,20140223,广东省,440000,韶关市,440200,14.357953145
4802,20140224,广东省,440000,韶关市,440200,17.4252885916
4803,20140225,广东省,440000,韶关市,440200,16.7201295266
4804,20140226,广东省,440000,韶关市,440200,15.666687134
4805,20140227,广东省,440000,韶关市,440200,19.2119543614
4806,20140228,广东省,440000,韶关市,440200,17.9129540859
4807,20140301,广东省,440000,韶关市,440200,14.6961685327
4808,20140302,广东省,440000,韶关市,440200,11.5923498227
4809,20140303,广东省,440000,韶关市,440200,10.5478857236
4810,20140304,广东省,440000,韶关市,440200,11.2097819157
4811,20140305,广东省,440000,韶关市,440200,11.6543885989
4812,20140306,广东省,440000,韶关市,440200,11.5095240031
4813,20140307,广东省,440000,韶关市,440200,10.2195355342
4814,20140308,广东省,440000,韶关市,440200,9.78340300536
4815,20140309,广东省,440000,韶关市,440200,10.2669854042
4816,20140310,广东省,440000,韶关市,440200,10.1441986133
4817,20140311,广东省,440000,韶关市,440200,12.2007478567
4818,20140312,广东省,440000,韶关市,440200,15.1033878815
4819,20140313,广东省,440000,韶关市,440200,15.0087570777
4820,20140314,广东省,440000,韶关市,440200,12.0990019578
4821,20140315,广东省,440000,韶关市,440200,12.4837519817
4822,20140316,广东省,440000,韶关市,440200,13.2927163687
4823,20140317,广东省,440000,韶关市,440200,18.1345103826
4824,20140318,广东省,440000,韶关市,440200,20.9386614286
4825,20140319,广东省,440000,韶关市,440200,21.4205160386
4826,20140320,广东省,440000,韶关市,440200,14.7524849329
4827,20140321,广东省,440000,韶关市,440200,10.929458178
4828,20140322,广东省,440000,韶关市,440200,14.6329890276
4829,20140323,广东省,440000,韶关市,440200,17.0902587206
4830,20140324,广东省,440000,韶关市,440200,20.2222379538
4831,20140325,广东省,440000,韶关市,440200,21.4073064755
4832,20140326,广东省,440000,韶关市,440200,22.8934025887
4833,20140327,广东省,440000,韶关市,440200,23.4495428036
4834,20140328,广东省,440000,韶关市,440200,22.9033281864
4835,20140329,广东省,440000,韶关市,440200,22.6289492876
4836,20140330,广东省,440000,韶关市,440200,19.3718877939
4837,20140331,广东省,440000,韶关市,440200,19.9735475198
4838,20140401,广东省,440000,韶关市,440200,18.7925124535
4839,20140402,广东省,440000,韶关市,440200,17.9889792907
4840,20140403,广东省,440000,韶关市,440200,19.6337637779
4841,20140404,广东省,440000,韶关市,440200,20.1414056925
4842,20140405,广东省,440000,韶关市,440200,21.561225451
4843,20140406,广东省,440000,韶关市,440200,17.9021813319
4844,20140407,广东省,440000,韶关市,440200,19.3908825899
4845,20140408,广东省,440000,韶关市,440200,21.4244850843
4846,20140409,广东省,440000,韶关市,440200,22.9852098318
4847,20140410,广东省,440000,韶关市,440200,23.668643658
4848,20140411,广东省,440000,韶关市,440200,24.4364593701
4849,20140412,广东省,440000,韶关市,440200,24.5674867385
4850,20140413,广东省,440000,韶关市,440200,24.8644944215
4851,20140414,广东省,440000,韶关市,440200,23.8018094087
4852,20140415,广东省,440000,韶关市,440200,23.1175688719
4853,20140416,广东省,440000,韶关市,440200,22.8529837193
4854,20140417,广东省,440000,韶关市,440200,25.250008901
4855,20140418,广东省,440000,韶关市,440200,26.5720570882
4856,20140419,广东省,440000,韶关市,440200,24.7938677959
4857,20140420,广东省,440000,韶关市,440200,23.3029441344
4858,20140421,广东省,440000,韶关市,440200,23.3602479788
4859,20140422,广东省,440000,韶关市,440200,20.2817325103
4860,20140423,广东省,440000,韶关市,440200,18.9898913457
4861,20140424,广东省,440000,韶关市,440200,20.9039195623
4862,20140425,广东省,440000,韶关市,440200,23.026832336
4863,20140426,广东省,440000,韶关市,440200,20.3571374355
4864,20140427,广东省,440000,韶关市,440200,20.7880641253
4865,20140428,广东省,440000,韶关市,440200,21.8964737134
4866,20140429,广东省,440000,韶关市,440200,19.5716064649
4867,20140430,广东省,440000,韶关市,440200,16.7390952966
4868,20140501,广东省,440000,韶关市,440200,21.2241286253
4869,20140502,广东省,440000,韶关市,440200,24.3153587733
4870,20140503,广东省,440000,韶关市,440200,24.6666517013
4871,20140504,广东省,440000,韶关市,440200,20.1251813448
4872,20140505,广东省,440000,韶关市,440200,17.5231867081
4873,20140506,广东省,440000,韶关市,440200,19.1528467032
4874,20140507,广东省,440000,韶关市,440200,19.9615425697
4875,20140508,广东省,440000,韶关市,440200,21.6567530021
4876,20140509,广东省,440000,韶关市,440200,22.9893283355
4877,20140510,广东省,440000,韶关市,440200,23.7839809809
4878,20140511,广东省,440000,韶关市,440200,22.114916777
4879,20140512,广东省,440000,韶关市,440200,22.4528625684
4880,20140513,广东省,440000,韶关市,440200,25.307793495
4881,20140514,广东省,440000,韶关市,440200,27.4568868295
4882,20140515,广东省,440000,韶关市,440200,23.7032737732
4883,20140516,广东省,440000,韶关市,440200,25.8933971112
4884,20140517,广东省,440000,韶关市,440200,24.2026597047
4885,20140518,广东省,440000,韶关市,440200,24.3140428005
4886,20140519,广东省,440000,韶关市,440200,25.2507686126
4887,20140520,广东省,440000,韶关市,440200,25.4344085791
4888,20140521,广东省,440000,韶关市,440200,25.0803129734
4889,20140522,广东省,440000,韶关市,440200,23.4583533849
4890,20140523,广东省,440000,韶关市,440200,24.2433169438
4891,20140524,广东省,440000,韶关市,440200,26.5326174223
4892,20140525,广东省,440000,韶关市,440200,27.7526127253
4893,20140526,广东省,440000,韶关市,440200,26.4302352025
4894,20140527,广东省,440000,韶关市,440200,27.257843849
4895,20140528,广东省,440000,韶关市,440200,27.3195947011
4896,20140529,广东省,440000,韶关市,440200,27.4427641355
4897,20140530,广东省,440000,韶关市,440200,28.1547748859
4898,20140531,广东省,440000,韶关市,440200,29.3492919726
4899,20140601,广东省,440000,韶关市,440200,30.4523683206
4900,20140602,广东省,440000,韶关市,440200,27.7815183493
4901,20140603,广东省,440000,韶关市,440200,25.3049803025
4902,20140604,广东省,440000,韶关市,440200,26.8144845229
4903,20140605,广东省,440000,韶关市,440200,25.5667350965
4904,20140606,广东省,440000,韶关市,440200,24.8298919873
4905,20140607,广东省,440000,韶关市,440200,26.1960839492
4906,20140608,广东省,440000,韶关市,440200,28.1766171578
4907,20140609,广东省,440000,韶关市,440200,28.0816115355
4908,20140610,广东省,440000,韶关市,440200,26.2866360591
4909,20140611,广东省,440000,韶关市,440200,26.5752556141
4910,20140612,广东省,440000,韶关市,440200,27.6715833224
4911,20140613,广东省,440000,韶关市,440200,28.2305516463
4912,20140614,广东省,440000,韶关市,440200,28.9579571944
4913,20140615,广东省,440000,韶关市,440200,29.4986564441
4914,20140616,广东省,440000,韶关市,440200,29.8358664879
4915,20140617,广东省,440000,韶关市,440200,27.2961594997
4916,20140618,广东省,440000,韶关市,440200,28.2333740332
4917,20140619,广东省,440000,韶关市,440200,27.8668527359
4918,20140620,广东省,440000,韶关市,440200,27.5683735578
4919,20140621,广东省,440000,韶关市,440200,26.8910306295
4920,20140622,广东省,440000,韶关市,440200,26.4590274126
4921,20140623,广东省,440000,韶关市,440200,26.0774657421
4922,20140624,广东省,440000,韶关市,440200,26.8180652032
4923,20140625,广东省,440000,韶关市,440200,27.4241511027
4924,20140626,广东省,440000,韶关市,440200,29.548340773
4925,20140627,广东省,440000,韶关市,440200,29.3709447323
4926,20140628,广东省,440000,韶关市,440200,29.3463558295
4927,20140629,广东省,440000,韶关市,440200,28.4158311502
4928,20140630,广东省,440000,韶关市,440200,28.6396601261
4929,20140701,广东省,440000,韶关市,440200,28.5019754752
4930,20140702,广东省,440000,韶关市,440200,29.5147132874
4931,20140703,广东省,440000,韶关市,440200,29.0112341856
4932,20140704,广东省,440000,韶关市,440200,30.2549975958
4933,20140705,广东省,440000,韶关市,440200,29.6677237291
4934,20140706,广东省,440000,韶关市,440200,29.4022540557
4935,20140707,广东省,440000,韶关市,440200,29.5344812931
4936,20140708,广东省,440000,韶关市,440200,28.890726334
4937,20140709,广东省,440000,韶关市,440200,30.1259818444
4938,20140710,广东省,440000,韶关市,440200,30.7267026657
4939,20140711,广东省,440000,韶关市,440200,28.4078019949
4940,20140712,广东省,440000,韶关市,440200,29.7839088929
4941,20140713,广东省,440000,韶关市,440200,29.2514691475
4942,20140714,广东省,440000,韶关市,440200,28.8532065367
4943,20140715,广东省,440000,韶关市,440200,29.7535302578
4944,20140716,广东省,440000,韶关市,440200,29.876537861
4945,20140717,广东省,440000,韶关市,440200,30.0747749622
4946,20140718,广东省,440000,韶关市,440200,28.7548034864
4947,20140719,广东省,440000,韶关市,440200,28.0701824579
4948,20140720,广东省,440000,韶关市,440200,29.353418448
4949,20140721,广东省,440000,韶关市,440200,28.8665511302
4950,20140722,广东省,440000,韶关市,440200,31.0622930282
4951,20140723,广东省,440000,韶关市,440200,31.7439797719
4952,20140724,广东省,440000,韶关市,440200,28.1245626303
4953,20140725,广东省,440000,韶关市,440200,27.845733447
4954,20140726,广东省,440000,韶关市,440200,28.2220719166
4955,20140727,广东省,440000,韶关市,440200,28.6164630988
4956,20140728,广东省,440000,韶关市,440200,29.4144957616
4957,20140729,广东省,440000,韶关市,440200,29.9858314808
4958,20140730,广东省,440000,韶关市,440200,30.7678417793
4959,20140731,广东省,440000,韶关市,440200,30.6331967574
4960,20140801,广东省,440000,韶关市,440200,29.5851310828
4961,20140802,广东省,440000,韶关市,440200,29.3898520836
4962,20140803,广东省,440000,韶关市,440200,29.026404014
4963,20140804,广东省,440000,韶关市,440200,29.7326760414
4964,20140805,广东省,440000,韶关市,440200,30.2482017126
4965,20140806,广东省,440000,韶关市,440200,28.6103736193
4966,20140807,广东省,440000,韶关市,440200,28.334055925
4967,20140808,广东省,440000,韶关市,440200,29.6142234313
4968,20140809,广东省,440000,韶关市,440200,30.3270169772
4969,20140810,广东省,440000,韶关市,440200,29.7777097653
4970,20140811,广东省,440000,韶关市,440200,29.7480770991
4971,20140812,广东省,440000,韶关市,440200,27.7404661912
4972,20140813,广东省,440000,韶关市,440200,24.9997929304
4973,20140814,广东省,440000,韶关市,440200,25.3935697507
4974,20140815,广东省,440000,韶关市,440200,27.517370762
4975,20140816,广东省,440000,韶关市,440200,28.0165865482
4976,20140817,广东省,440000,韶关市,440200,28.8279067308
4977,20140818,广东省,440000,韶关市,440200,29.0526112287
4978,20140819,广东省,440000,韶关市,440200,25.1072976528
4979,20140820,广东省,440000,韶关市,440200,23.7118653518
4980,20140821,广东省,440000,韶关市,440200,26.156866416
4981,20140822,广东省,440000,韶关市,440200,28.0815157768
4982,20140823,广东省,440000,韶关市,440200,28.691653325
4983,20140824,广东省,440000,韶关市,440200,28.7636278104
4984,20140825,广东省,440000,韶关市,440200,29.1602590512
4985,20140826,广东省,440000,韶关市,440200,28.6499050825
4986,20140827,广东省,440000,韶关市,440200,28.5411674304
4987,20140828,广东省,440000,韶关市,440200,27.9096978995
4988,20140829,广东省,440000,韶关市,440200,28.5862470284
4989,20140830,广东省,440000,韶关市,440200,28.438471623
4990,20140831,广东省,440000,韶关市,440200,28.447968752
4991,20140901,广东省,440000,韶关市,440200,29.2621668791
4992,20140902,广东省,440000,韶关市,440200,29.3231898577
4993,20140903,广东省,440000,韶关市,440200,27.9671835777
4994,20140904,广东省,440000,韶关市,440200,28.1097128452
4995,20140905,广东省,440000,韶关市,440200,26.1870341179
4996,20140906,广东省,440000,韶关市,440200,27.8210816506
4997,20140907,广东省,440000,韶关市,440200,29.0102470594
4998,20140908,广东省,440000,韶关市,440200,29.0338591062
4999,20140909,广东省,440000,韶关市,440200,29.1308068496
5000,20140910,广东省,440000,韶关市,440200,29.7093787071
5001,20140911,广东省,440000,韶关市,440200,29.4944357261
5002,20140912,广东省,440000,韶关市,440200,29.475200702
5003,20140913,广东省,440000,韶关市,440200,27.6722796513
5004,20140914,广东省,440000,韶关市,440200,28.1515756265
5005,20140915,广东省,440000,韶关市,440200,29.0166643583
5006,20140916,广东省,440000,韶关市,440200,26.4075848017
5007,20140917,广东省,440000,韶关市,440200,27.1736172407
5008,20140918,广东省,440000,韶关市,440200,28.1905810038
5009,20140919,广东省,440000,韶关市,440200,26.5794732999
5010,20140920,广东省,440000,韶关市,440200,23.835351406
5011,20140921,广东省,440000,韶关市,440200,25.0496647664
5012,20140922,广东省,440000,韶关市,440200,25.1671545567
5013,20140923,广东省,440000,韶关市,440200,24.9849615831
5014,20140924,广东省,440000,韶关市,440200,25.6679703639
5015,20140925,广东省,440000,韶关市,440200,26.5257918529
5016,20140926,广东省,440000,韶关市,440200,27.7415881524
5017,20140927,广东省,440000,韶关市,440200,28.2784899687
5018,20140928,广东省,440000,韶关市,440200,28.5353020399
5019,20140929,广东省,440000,韶关市,440200,28.7399074359
5020,20140930,广东省,440000,韶关市,440200,27.2724288549
5021,20141001,广东省,440000,韶关市,440200,26.033427214
5022,20141002,广东省,440000,韶关市,440200,27.1553549644
5023,20141003,广东省,440000,韶关市,440200,25.8417192606
5024,20141004,广东省,440000,韶关市,440200,25.5653387705
5025,20141005,广东省,440000,韶关市,440200,24.6020946992
5026,20141006,广东省,440000,韶关市,440200,23.6880392417
5027,20141007,广东省,440000,韶关市,440200,22.1933914576
5028,20141008,广东省,440000,韶关市,440200,22.1076298249
5029,20141009,广东省,440000,韶关市,440200,22.8355623392
5030,20141010,广东省,440000,韶关市,440200,23.544254303
5031,20141011,广东省,440000,韶关市,440200,24.8309491475
5032,20141012,广东省,440000,韶关市,440200,23.9496407142
5033,20141013,广东省,440000,韶关市,440200,21.6435573284
5034,20141014,广东省,440000,韶关市,440200,20.2696995857
5035,20141015,广东省,440000,韶关市,440200,21.2260514284
5036,20141016,广东省,440000,韶关市,440200,22.1832631918
5037,20141017,广东省,440000,韶关市,440200,22.3862880316
5038,20141018,广东省,440000,韶关市,440200,22.9365231441
5039,20141019,广东省,440000,韶关市,440200,24.1801494207
5040,20141020,广东省,440000,韶关市,440200,25.9776001466
5041,20141021,广东省,440000,韶关市,440200,24.8706133916
5042,20141022,广东省,440000,韶关市,440200,21.5878114945
5043,20141023,广东省,440000,韶关市,440200,21.4704772265
5044,20141024,广东省,440000,韶关市,440200,22.0844119634
5045,20141025,广东省,440000,韶关市,440200,23.7493123275
5046,20141026,广东省,440000,韶关市,440200,23.9125981453
5047,20141027,广东省,440000,韶关市,440200,25.3177511753
5048,20141028,广东省,440000,韶关市,440200,24.2944425436
5049,20141029,广东省,440000,韶关市,440200,25.2733002198
5050,20141030,广东省,440000,韶关市,440200,24.5373036311
5051,20141031,广东省,440000,韶关市,440200,24.2624903948
5052,20141101,广东省,440000,韶关市,440200,23.5181465638
5053,20141102,广东省,440000,韶关市,440200,18.1733048023
5054,20141103,广东省,440000,韶关市,440200,18.0382329501
5055,20141104,广东省,440000,韶关市,440200,19.3592879956
5056,20141105,广东省,440000,韶关市,440200,18.6262507805
5057,20141106,广东省,440000,韶关市,440200,18.1645678007
5058,20141107,广东省,440000,韶关市,440200,15.1459914966
5059,20141108,广东省,440000,韶关市,440200,16.364010224
5060,20141109,广东省,440000,韶关市,440200,16.4906119078
5061,20141110,广东省,440000,韶关市,440200,15.9448693104
5062,20141111,广东省,440000,韶关市,440200,16.3403397585
5063,20141112,广东省,440000,韶关市,440200,15.7308012889
5064,20141113,广东省,440000,韶关市,440200,16.0790549058
5065,20141114,广东省,440000,韶关市,440200,16.9061399117
5066,20141115,广东省,440000,韶关市,440200,19.2233881828
5067,20141116,广东省,440000,韶关市,440200,17.8979716668
5068,20141117,广东省,440000,韶关市,440200,15.9748542248
5069,20141118,广东省,440000,韶关市,440200,14.9454380427
5070,20141119,广东省,440000,韶关市,440200,14.9698953629
5071,20141120,广东省,440000,韶关市,440200,16.5228785735
5072,20141121,广东省,440000,韶关市,440200,18.3689332131
5073,20141122,广东省,440000,韶关市,440200,20.1405467498
5074,20141123,广东省,440000,韶关市,440200,21.0083901821
5075,20141124,广东省,440000,韶关市,440200,20.8354494388
5076,20141125,广东省,440000,韶关市,440200,17.9036106452
5077,20141126,广东省,440000,韶关市,440200,17.992408728
5078,20141127,广东省,440000,韶关市,440200,21.1634632991
5079,20141128,广东省,440000,韶关市,440200,20.9538832933
5080,20141129,广东省,440000,韶关市,440200,22.7076285436
5081,20141130,广东省,440000,韶关市,440200,19.56526255
5082,20141201,广东省,440000,韶关市,440200,13.3645012929
5083,20141202,广东省,440000,韶关市,440200,12.5219674966
5084,20141203,广东省,440000,韶关市,440200,10.9413447747
5085,20141204,广东省,440000,韶关市,440200,10.794227649
5086,20141205,广东省,440000,韶关市,440200,11.8999689053
5087,20141206,广东省,440000,韶关市,440200,12.7328039561
5088,20141207,广东省,440000,韶关市,440200,11.5454858144
5089,20141208,广东省,440000,韶关市,440200,14.0850057357
5090,20141209,广东省,440000,韶关市,440200,14.1831679956
5091,20141210,广东省,440000,韶关市,440200,13.0521744215
5092,20141211,广东省,440000,韶关市,440200,9.74494293409
5093,20141212,广东省,440000,韶关市,440200,8.87604576502
5094,20141213,广东省,440000,韶关市,440200,8.59967862643
5095,20141214,广东省,440000,韶关市,440200,10.3672576317
5096,20141215,广东省,440000,韶关市,440200,12.65284103
5097,20141216,广东省,440000,韶关市,440200,10.3441133255
5098,20141217,广东省,440000,韶关市,440200,7.64625660578
5099,20141218,广东省,440000,韶关市,440200,9.76855923579
5100,20141219,广东省,440000,韶关市,440200,8.54115319863
5101,20141220,广东省,440000,韶关市,440200,9.463294934
5102,20141221,广东省,440000,韶关市,440200,9.01977197941
5103,20141222,广东省,440000,韶关市,440200,7.94383622438
5104,20141223,广东省,440000,韶关市,440200,10.9439377418
5105,20141224,广东省,440000,韶关市,440200,15.4392174452
5106,20141225,广东省,440000,韶关市,440200,14.4496997442
5107,20141226,广东省,440000,韶关市,440200,11.5952399816
5108,20141227,广东省,440000,韶关市,440200,9.52679840724
5109,20141228,广东省,440000,韶关市,440200,8.0290113229
5110,20141229,广东省,440000,韶关市,440200,8.31183608373
5111,20141230,广东省,440000,韶关市,440200,9.7188731218
5112,20141231,广东省,440000,韶关市,440200,12.0083730893
5113,20150101,广东省,440000,韶关市,440200,15.1778324078
5114,20150102,广东省,440000,韶关市,440200,14.2021288016
5115,20150103,广东省,440000,韶关市,440200,15.4311463772
5116,20150104,广东省,440000,韶关市,440200,17.9886306371
5117,20150105,广东省,440000,韶关市,440200,19.5285093356
5118,20150106,广东省,440000,韶关市,440200,19.973221461
5119,20150107,广东省,440000,韶关市,440200,16.3206884433
5120,20150108,广东省,440000,韶关市,440200,14.2983203301
5121,20150109,广东省,440000,韶关市,440200,14.2255405768
5122,20150110,广东省,440000,韶关市,440200,16.048303653
5123,20150111,广东省,440000,韶关市,440200,16.0371833214
5124,20150112,广东省,440000,韶关市,440200,12.6191961826
5125,20150113,广东省,440000,韶关市,440200,12.3531910823
5126,20150114,广东省,440000,韶关市,440200,13.2199941048
5127,20150115,广东省,440000,韶关市,440200,13.8516521698
5128,20150116,广东省,440000,韶关市,440200,15.9632727794
5129,20150117,广东省,440000,韶关市,440200,15.2696460333
5130,20150118,广东省,440000,韶关市,440200,15.517338875
5131,20150119,广东省,440000,韶关市,440200,14.9762978676
5132,20150120,广东省,440000,韶关市,440200,15.2349292315
5133,20150121,广东省,440000,韶关市,440200,16.2294045473
5134,20150122,广东省,440000,韶关市,440200,15.5565005816
5135,20150123,广东省,440000,韶关市,440200,16.4129825983
5136,20150124,广东省,440000,韶关市,440200,17.4577153524
5137,20150125,广东省,440000,韶关市,440200,18.6421453036
5138,20150126,广东省,440000,韶关市,440200,18.7231547038
5139,20150127,广东省,440000,韶关市,440200,17.9689736978
5140,20150128,广东省,440000,韶关市,440200,16.6486967038
5141,20150129,广东省,440000,韶关市,440200,17.0259485489
5142,20150130,广东省,440000,韶关市,440200,15.7319694177
5143,20150131,广东省,440000,韶关市,440200,14.287604552
5144,20150201,广东省,440000,韶关市,440200,14.7676582092
5145,20150202,广东省,440000,韶关市,440200,16.2553818042
5146,20150203,广东省,440000,韶关市,440200,16.9677016918
5147,20150204,广东省,440000,韶关市,440200,15.0650525215
5148,20150205,广东省,440000,韶关市,440200,12.6312986276
5149,20150206,广东省,440000,韶关市,440200,13.2386891292
5150,20150207,广东省,440000,韶关市,440200,15.9528962404
5151,20150208,广东省,440000,韶关市,440200,14.8078381954
5152,20150209,广东省,440000,韶关市,440200,13.7386587828
5153,20150210,广东省,440000,韶关市,440200,14.2279459146
5154,20150211,广东省,440000,韶关市,440200,15.9130533169
5155,20150212,广东省,440000,韶关市,440200,15.9929938439
5156,20150213,广东省,440000,韶关市,440200,17.8576476268
5157,20150214,广东省,440000,韶关市,440200,19.3726965097
5158,20150215,广东省,440000,韶关市,440200,18.2906539624
5159,20150216,广东省,440000,韶关市,440200,19.1014884557
5160,20150217,广东省,440000,韶关市,440200,19.094438504
5161,20150218,广东省,440000,韶关市,440200,18.464953985
5162,20150219,广东省,440000,韶关市,440200,17.4801951188
5163,20150220,广东省,440000,韶关市,440200,18.857597889
5164,20150221,广东省,440000,韶关市,440200,20.492671722
5165,20150222,广东省,440000,韶关市,440200,20.294232344
5166,20150223,广东省,440000,韶关市,440200,19.4369681921
5167,20150224,广东省,440000,韶关市,440200,20.1870507949
5168,20150225,广东省,440000,韶关市,440200,20.8185978425
5169,20150226,广东省,440000,韶关市,440200,22.141862478
5170,20150227,广东省,440000,韶关市,440200,19.1759028312
5171,20150228,广东省,440000,韶关市,440200,19.387164874
5172,20150301,广东省,440000,韶关市,440200,17.9483484611
5173,20150302,广东省,440000,韶关市,440200,17.6506621532
5174,20150303,广东省,440000,韶关市,440200,19.4121235089
5175,20150304,广东省,440000,韶关市,440200,16.6580447173
5176,20150305,广东省,440000,韶关市,440200,17.6969960042
5177,20150306,广东省,440000,韶关市,440200,16.7990129911
5178,20150307,广东省,440000,韶关市,440200,17.7129366459
5179,20150308,广东省,440000,韶关市,440200,19.191364435
5180,20150309,广东省,440000,韶关市,440200,20.6189458798
5181,20150310,广东省,440000,韶关市,440200,17.1315172147
5182,20150311,广东省,440000,韶关市,440200,15.8580140089
5183,20150312,广东省,440000,韶关市,440200,15.3790155557
5184,20150313,广东省,440000,韶关市,440200,18.4938970223
5185,20150314,广东省,440000,韶关市,440200,20.4300764035
5186,20150315,广东省,440000,韶关市,440200,22.0094413268
5187,20150316,广东省,440000,韶关市,440200,22.8207972111
5188,20150317,广东省,440000,韶关市,440200,23.0732537783
5189,20150318,广东省,440000,韶关市,440200,23.8341178894
5190,20150319,广东省,440000,韶关市,440200,23.7159219889
5191,20150320,广东省,440000,韶关市,440200,22.8863269121
5192,20150321,广东省,440000,韶关市,440200,22.4585636824
5193,20150322,广东省,440000,韶关市,440200,20.8311506418
5194,20150323,广东省,440000,韶关市,440200,20.5771798354
5195,20150324,广东省,440000,韶关市,440200,19.3825285007
5196,20150325,广东省,440000,韶关市,440200,17.8712490277
5197,20150326,广东省,440000,韶关市,440200,19.193215199
5198,20150327,广东省,440000,韶关市,440200,20.1382475144
5199,20150328,广东省,440000,韶关市,440200,21.0334344522
5200,20150329,广东省,440000,韶关市,440200,22.4131009518
5201,20150330,广东省,440000,韶关市,440200,23.8494643676
5202,20150331,广东省,440000,韶关市,440200,24.0601778275
5203,20150401,广东省,440000,韶关市,440200,25.007269737
5204,20150402,广东省,440000,韶关市,440200,26.0250143883
5205,20150403,广东省,440000,韶关市,440200,26.254675156
5206,20150404,广东省,440000,韶关市,440200,26.5269996447
5207,20150405,广东省,440000,韶关市,440200,26.0772275191
5208,20150406,广东省,440000,韶关市,440200,26.5784959059
5209,20150407,广东省,440000,韶关市,440200,23.5760890276
5210,20150408,广东省,440000,韶关市,440200,16.5529123453
5211,20150409,广东省,440000,韶关市,440200,17.3433221181
5212,20150410,广东省,440000,韶关市,440200,16.7717565879
5213,20150411,广东省,440000,韶关市,440200,16.2993370447
5214,20150412,广东省,440000,韶关市,440200,19.5543898558
5215,20150413,广东省,440000,韶关市,440200,21.6990991739
5216,20150414,广东省,440000,韶关市,440200,19.8537890605
5217,20150415,广东省,440000,韶关市,440200,21.2483254946
5218,20150416,广东省,440000,韶关市,440200,22.3032194284
5219,20150417,广东省,440000,韶关市,440200,24.2362182324
5220,20150418,广东省,440000,韶关市,440200,26.2669575031
5221,20150419,广东省,440000,韶关市,440200,26.7321235461
5222,20150420,广东省,440000,韶关市,440200,25.2463885576
5223,20150421,广东省,440000,韶关市,440200,22.591818296
5224,20150422,广东省,440000,韶关市,440200,23.2356078319
5225,20150423,广东省,440000,韶关市,440200,22.9693742899
5226,20150424,广东省,440000,韶关市,440200,23.4409179198
5227,20150425,广东省,440000,韶关市,440200,23.6553919866
5228,20150426,广东省,440000,韶关市,440200,23.378873874
5229,20150427,广东省,440000,韶关市,440200,24.8769315084
5230,20150428,广东省,440000,韶关市,440200,25.7394980406
5231,20150429,广东省,440000,韶关市,440200,26.7773479559
5232,20150430,广东省,440000,韶关市,440200,27.3594832787
5233,20150501,广东省,440000,韶关市,440200,27.209207926
5234,20150502,广东省,440000,韶关市,440200,27.6809760363
5235,20150503,广东省,440000,韶关市,440200,28.4949759948
5236,20150504,广东省,440000,韶关市,440200,28.0050969735
5237,20150505,广东省,440000,韶关市,440200,26.582358776
5238,20150506,广东省,440000,韶关市,440200,27.3764044933
5239,20150507,广东省,440000,韶关市,440200,27.9583929013
5240,20150508,广东省,440000,韶关市,440200,28.3829008249
5241,20150509,广东省,440000,韶关市,440200,26.6681780693
5242,20150510,广东省,440000,韶关市,440200,26.3735871926
5243,20150511,广东省,440000,韶关市,440200,25.5730903332
5244,20150512,广东省,440000,韶关市,440200,26.0845083579
5245,20150513,广东省,440000,韶关市,440200,26.9258869367
5246,20150514,广东省,440000,韶关市,440200,28.3478054144
5247,20150515,广东省,440000,韶关市,440200,28.9114713424
5248,20150516,广东省,440000,韶关市,440200,25.4324268439
5249,20150517,广东省,440000,韶关市,440200,26.6411196391
5250,20150518,广东省,440000,韶关市,440200,28.2674244612
5251,20150519,广东省,440000,韶关市,440200,28.0891945179
5252,20150520,广东省,440000,韶关市,440200,26.4141092545
5253,20150521,广东省,440000,韶关市,440200,24.3524222252
5254,20150522,广东省,440000,韶关市,440200,24.4153834612
5255,20150523,广东省,440000,韶关市,440200,25.0520346226
5256,20150524,广东省,440000,韶关市,440200,25.9634734912
5257,20150525,广东省,440000,韶关市,440200,27.8901182321
5258,20150526,广东省,440000,韶关市,440200,26.8315153366
5259,20150527,广东省,440000,韶关市,440200,29.008607522
5260,20150528,广东省,440000,韶关市,440200,29.9074858152
5261,20150529,广东省,440000,韶关市,440200,30.1732737712
5262,20150530,广东省,440000,韶关市,440200,28.9398577763
5263,20150531,广东省,440000,韶关市,440200,28.7461579641
5264,20150601,广东省,440000,韶关市,440200,28.9513044602
5265,20150602,广东省,440000,韶关市,440200,29.5492160993
5266,20150603,广东省,440000,韶关市,440200,29.6965048374
5267,20150604,广东省,440000,韶关市,440200,29.5890847231
5268,20150605,广东省,440000,韶关市,440200,28.0146922087
5269,20150606,广东省,440000,韶关市,440200,29.0414783771
5270,20150607,广东省,440000,韶关市,440200,29.6441821563
5271,20150608,广东省,440000,韶关市,440200,29.7064578717
5272,20150609,广东省,440000,韶关市,440200,30.104833554
5273,20150610,广东省,440000,韶关市,440200,29.7000550979
5274,20150611,广东省,440000,韶关市,440200,29.8821934431
5275,20150612,广东省,440000,韶关市,440200,29.7974675496
5276,20150613,广东省,440000,韶关市,440200,29.9250552838
5277,20150614,广东省,440000,韶关市,440200,29.535069001
5278,20150615,广东省,440000,韶关市,440200,29.6936018528
5279,20150616,广东省,440000,韶关市,440200,30.1622753143
5280,20150617,广东省,440000,韶关市,440200,30.4438091669
5281,20150618,广东省,440000,韶关市,440200,30.5176708515
5282,20150619,广东省,440000,韶关市,440200,30.7337164268
5283,20150620,广东省,440000,韶关市,440200,30.714098857
5284,20150621,广东省,440000,韶关市,440200,28.8002499311
5285,20150622,广东省,440000,韶关市,440200,28.2667009403
5286,20150623,广东省,440000,韶关市,440200,27.737192643
5287,20150624,广东省,440000,韶关市,440200,28.2857165703
5288,20150625,广东省,440000,韶关市,440200,28.3676135234
5289,20150626,广东省,440000,韶关市,440200,29.7600024786
5290,20150627,广东省,440000,韶关市,440200,30.2781180357
5291,20150628,广东省,440000,韶关市,440200,30.3660794772
5292,20150629,广东省,440000,韶关市,440200,30.478655644
5293,20150630,广东省,440000,韶关市,440200,30.519106547
5294,20150701,广东省,440000,韶关市,440200,30.8292383536
5295,20150702,广东省,440000,韶关市,440200,30.6622991317
5296,20150703,广东省,440000,韶关市,440200,30.5377496573
5297,20150704,广东省,440000,韶关市,440200,30.019019347
5298,20150705,广东省,440000,韶关市,440200,29.936927502
5299,20150706,广东省,440000,韶关市,440200,29.3522569216
5300,20150707,广东省,440000,韶关市,440200,29.1265939566
5301,20150708,广东省,440000,韶关市,440200,28.5922955244
5302,20150709,广东省,440000,韶关市,440200,27.3617377159
5303,20150710,广东省,440000,韶关市,440200,28.643019505
5304,20150711,广东省,440000,韶关市,440200,30.6691435789
5305,20150712,广东省,440000,韶关市,440200,30.9854733883
5306,20150713,广东省,440000,韶关市,440200,30.3686931806
5307,20150714,广东省,440000,韶关市,440200,30.1859764686
5308,20150715,广东省,440000,韶关市,440200,30.1113832425
5309,20150716,广东省,440000,韶关市,440200,29.8365107805
5310,20150717,广东省,440000,韶关市,440200,28.4701070541
5311,20150718,广东省,440000,韶关市,440200,29.3206096551
5312,20150719,广东省,440000,韶关市,440200,29.5151202862
5313,20150720,广东省,440000,韶关市,440200,27.0084999769
5314,20150721,广东省,440000,韶关市,440200,26.8651939783
5315,20150722,广东省,440000,韶关市,440200,27.9871985118
5316,20150723,广东省,440000,韶关市,440200,27.7460314433
5317,20150724,广东省,440000,韶关市,440200,27.9695544121
5318,20150725,广东省,440000,韶关市,440200,28.6063102331
5319,20150726,广东省,440000,韶关市,440200,28.5841689966
5320,20150727,广东省,440000,韶关市,440200,28.7358500163
5321,20150728,广东省,440000,韶关市,440200,28.477345002
5322,20150729,广东省,440000,韶关市,440200,27.4379077814
5323,20150730,广东省,440000,韶关市,440200,27.344241558
5324,20150731,广东省,440000,韶关市,440200,28.4299275814
5325,20150801,广东省,440000,韶关市,440200,28.3065913274
5326,20150802,广东省,440000,韶关市,440200,28.3470468277
5327,20150803,广东省,440000,韶关市,440200,28.8066607255
5328,20150804,广东省,440000,韶关市,440200,29.203066997
5329,20150805,广东省,440000,韶关市,440200,29.2801419772
5330,20150806,广东省,440000,韶关市,440200,30.0699579288
5331,20150807,广东省,440000,韶关市,440200,31.2884935721
5332,20150808,广东省,440000,韶关市,440200,31.9964935107
5333,20150809,广东省,440000,韶关市,440200,29.2440968538
5334,20150810,广东省,440000,韶关市,440200,28.4278611892
5335,20150811,广东省,440000,韶关市,440200,29.1025636135
5336,20150812,广东省,440000,韶关市,440200,29.6161034413
5337,20150813,广东省,440000,韶关市,440200,28.0981686421
5338,20150814,广东省,440000,韶关市,440200,26.9572470738
5339,20150815,广东省,440000,韶关市,440200,26.509181096
5340,20150816,广东省,440000,韶关市,440200,28.3307283842
5341,20150817,广东省,440000,韶关市,440200,29.5061653822
5342,20150818,广东省,440000,韶关市,440200,29.5647076827
5343,20150819,广东省,440000,韶关市,440200,29.8610730293
5344,20150820,广东省,440000,韶关市,440200,29.0435425196
5345,20150821,广东省,440000,韶关市,440200,29.9474665324
5346,20150822,广东省,440000,韶关市,440200,30.0649847373
5347,20150823,广东省,440000,韶关市,440200,30.7388145251
5348,20150824,广东省,440000,韶关市,440200,30.1445454328
5349,20150825,广东省,440000,韶关市,440200,29.7847347749
5350,20150826,广东省,440000,韶关市,440200,27.8586557828
5351,20150827,广东省,440000,韶关市,440200,28.0332447443
5352,20150828,广东省,440000,韶关市,440200,27.5250181051
5353,20150829,广东省,440000,韶关市,440200,26.7955792256
5354,20150830,广东省,440000,韶关市,440200,26.3180330717
5355,20150831,广东省,440000,韶关市,440200,27.025667484
5356,20150901,广东省,440000,韶关市,440200,27.2508378151
5357,20150902,广东省,440000,韶关市,440200,25.7025457529
5358,20150903,广东省,440000,韶关市,440200,27.8570841765
5359,20150904,广东省,440000,韶关市,440200,28.4455307692
5360,20150905,广东省,440000,韶关市,440200,29.3257056505
5361,20150906,广东省,440000,韶关市,440200,29.8237906725
5362,20150907,广东省,440000,韶关市,440200,27.2476312197
5363,20150908,广东省,440000,韶关市,440200,27.9777616354
5364,20150909,广东省,440000,韶关市,440200,27.9701557159
5365,20150910,广东省,440000,韶关市,440200,27.9234690544
5366,20150911,广东省,440000,韶关市,440200,27.6172507359
5367,20150912,广东省,440000,韶关市,440200,27.1261398609
5368,20150913,广东省,440000,韶关市,440200,27.7091920315
5369,20150914,广东省,440000,韶关市,440200,27.8003793863
5370,20150915,广东省,440000,韶关市,440200,28.4267399617
5371,20150916,广东省,440000,韶关市,440200,27.9372682816
5372,20150917,广东省,440000,韶关市,440200,27.6377209394
5373,20150918,广东省,440000,韶关市,440200,27.7271134792
5374,20150919,广东省,440000,韶关市,440200,27.8787001096
5375,20150920,广东省,440000,韶关市,440200,28.3218946212
5376,20150921,广东省,440000,韶关市,440200,26.3064779135
5377,20150922,广东省,440000,韶关市,440200,28.0635593121
5378,20150923,广东省,440000,韶关市,440200,28.3944874788
5379,20150924,广东省,440000,韶关市,440200,29.0220616659
5380,20150925,广东省,440000,韶关市,440200,29.4609020918
5381,20150926,广东省,440000,韶关市,440200,28.5063999861
5382,20150927,广东省,440000,韶关市,440200,27.8282194382
5383,20150928,广东省,440000,韶关市,440200,28.5954188322
5384,20150929,广东省,440000,韶关市,440200,29.2322087899
5385,20150930,广东省,440000,韶关市,440200,29.0742841867
5386,20151001,广东省,440000,韶关市,440200,28.1191361256
5387,20151002,广东省,440000,韶关市,440200,27.3378649981
5388,20151003,广东省,440000,韶关市,440200,26.7653333224
5389,20151004,广东省,440000,韶关市,440200,26.8859154139
5390,20151005,广东省,440000,韶关市,440200,26.8754602579
5391,20151006,广东省,440000,韶关市,440200,26.4836563208
5392,20151007,广东省,440000,韶关市,440200,26.0696793092
5393,20151008,广东省,440000,韶关市,440200,27.1467332106
5394,20151009,广东省,440000,韶关市,440200,26.0876620366
5395,20151010,广东省,440000,韶关市,440200,23.0608709286
5396,20151011,广东省,440000,韶关市,440200,20.1550819201
5397,20151012,广东省,440000,韶关市,440200,23.3058725993
5398,20151013,广东省,440000,韶关市,440200,24.5145587432
5399,20151014,广东省,440000,韶关市,440200,24.4025698931
5400,20151015,广东省,440000,韶关市,440200,24.7204005413
5401,20151016,广东省,440000,韶关市,440200,25.1398641635
5402,20151017,广东省,440000,韶关市,440200,24.8963853885
5403,20151018,广东省,440000,韶关市,440200,24.4315002637
5404,20151019,广东省,440000,韶关市,440200,24.4647575281
5405,20151020,广东省,440000,韶关市,440200,24.5946231255
5406,20151021,广东省,440000,韶关市,440200,25.6592202309
5407,20151022,广东省,440000,韶关市,440200,25.9790004828
5408,20151023,广东省,440000,韶关市,440200,26.2127116766
5409,20151024,广东省,440000,韶关市,440200,26.7040804349
5410,20151025,广东省,440000,韶关市,440200,25.9892116449
5411,20151026,广东省,440000,韶关市,440200,25.1217083564
5412,20151027,广东省,440000,韶关市,440200,26.1860335912
5413,20151028,广东省,440000,韶关市,440200,26.1967359201
5414,20151029,广东省,440000,韶关市,440200,25.91248077
5415,20151030,广东省,440000,韶关市,440200,26.0089372977
5416,20151031,广东省,440000,韶关市,440200,24.5640327747
5417,20151101,广东省,440000,韶关市,440200,20.8597703591
5418,20151102,广东省,440000,韶关市,440200,21.6190717159
5419,20151103,广东省,440000,韶关市,440200,23.5880565154
5420,20151104,广东省,440000,韶关市,440200,24.7945320912
5421,20151105,广东省,440000,韶关市,440200,25.9492549407
5422,20151106,广东省,440000,韶关市,440200,25.8622642908
5423,20151107,广东省,440000,韶关市,440200,26.2981377137
5424,20151108,广东省,440000,韶关市,440200,26.2069101089
5425,20151109,广东省,440000,韶关市,440200,26.1116544772
5426,20151110,广东省,440000,韶关市,440200,24.058017584
5427,20151111,广东省,440000,韶关市,440200,24.2510286478
5428,20151112,广东省,440000,韶关市,440200,24.2072868347
5429,20151113,广东省,440000,韶关市,440200,22.2564582825
5430,20151114,广东省,440000,韶关市,440200,24.1195032658
5431,20151115,广东省,440000,韶关市,440200,24.652134822
5432,20151116,广东省,440000,韶关市,440200,25.4972364964
5433,20151117,广东省,440000,韶关市,440200,25.8901119232
5434,20151118,广东省,440000,韶关市,440200,25.6437324133
5435,20151119,广东省,440000,韶关市,440200,25.5192761054
5436,20151120,广东省,440000,韶关市,440200,24.7980649899
5437,20151121,广东省,440000,韶关市,440200,24.6051495381
5438,20151122,广东省,440000,韶关市,440200,24.9971929208
5439,20151123,广东省,440000,韶关市,440200,24.2570867783
5440,20151124,广东省,440000,韶关市,440200,23.4112044114
5441,20151125,广东省,440000,韶关市,440200,20.0709015284
5442,20151126,广东省,440000,韶关市,440200,16.8492601835
5443,20151127,广东省,440000,韶关市,440200,17.8711620233
5444,20151128,广东省,440000,韶关市,440200,20.2026450328
5445,20151129,广东省,440000,韶关市,440200,21.084225728
5446,20151130,广东省,440000,韶关市,440200,21.6550043546
5447,20151201,广东省,440000,韶关市,440200,22.5307290982
5448,20151202,广东省,440000,韶关市,440200,22.6535646977
5449,20151203,广东省,440000,韶关市,440200,17.8492319156
5450,20151204,广东省,440000,韶关市,440200,18.4003434303
5451,20151205,广东省,440000,韶关市,440200,16.9311413398
5452,20151206,广东省,440000,韶关市,440200,15.3101835984
5453,20151207,广东省,440000,韶关市,440200,16.5775308854
5454,20151208,广东省,440000,韶关市,440200,16.9579157218
5455,20151209,广东省,440000,韶关市,440200,17.1141377473
5456,20151210,广东省,440000,韶关市,440200,18.569668941
5457,20151211,广东省,440000,韶关市,440200,19.1104357304
5458,20151212,广东省,440000,韶关市,440200,20.3254117232
5459,20151213,广东省,440000,韶关市,440200,20.8999961462
5460,20151214,广东省,440000,韶关市,440200,18.8474733891
5461,20151215,广东省,440000,韶关市,440200,16.3681959984
5462,20151216,广东省,440000,韶关市,440200,13.8346469341
5463,20151217,广东省,440000,韶关市,440200,12.0506800138
5464,20151218,广东省,440000,韶关市,440200,13.2390982555
5465,20151219,广东省,440000,韶关市,440200,16.3268212049
5466,20151220,广东省,440000,韶关市,440200,16.2611930554
5467,20151221,广东省,440000,韶关市,440200,19.2989610036
5468,20151222,广东省,440000,韶关市,440200,20.388243553
5469,20151223,广东省,440000,韶关市,440200,21.6498237023
5470,20151224,广东省,440000,韶关市,440200,21.3970240569
5471,20151225,广东省,440000,韶关市,440200,16.8286441412
5472,20151226,广东省,440000,韶关市,440200,16.5687356607
5473,20151227,广东省,440000,韶关市,440200,16.1826570951
5474,20151228,广东省,440000,韶关市,440200,16.4423525884
5475,20151229,广东省,440000,韶关市,440200,17.2791371468
5476,20151230,广东省,440000,韶关市,440200,16.3709398416
5477,20151231,广东省,440000,韶关市,440200,17.206038255
5478,20160101,广东省,440000,韶关市,440200,13.0789436438
5479,20160102,广东省,440000,韶关市,440200,15.8215953142
5480,20160103,广东省,440000,韶关市,440200,18.2425116025
5481,20160104,广东省,440000,韶关市,440200,19.659064513
5482,20160105,广东省,440000,韶关市,440200,17.1877501806
5483,20160106,广东省,440000,韶关市,440200,13.9792193144
5484,20160107,广东省,440000,韶关市,440200,13.5667023292
5485,20160108,广东省,440000,韶关市,440200,12.3723848172
5486,20160109,广东省,440000,韶关市,440200,12.8441953659
5487,20160110,广东省,440000,韶关市,440200,12.601343106
5488,20160111,广东省,440000,韶关市,440200,11.219802942
5489,20160112,广东省,440000,韶关市,440200,10.3387906857
5490,20160113,广东省,440000,韶关市,440200,10.2612309089
5491,20160114,广东省,440000,韶关市,440200,10.1875745089
5492,20160115,广东省,440000,韶关市,440200,9.20697130301
5493,20160116,广东省,440000,韶关市,440200,10.6583557007
5494,20160117,广东省,440000,韶关市,440200,10.5496572837
5495,20160118,广东省,440000,韶关市,440200,10.84493395
5496,20160119,广东省,440000,韶关市,440200,11.4428764979
5497,20160120,广东省,440000,韶关市,440200,9.24888736774
5498,20160121,广东省,440000,韶关市,440200,7.15182050069
5499,20160122,广东省,440000,韶关市,440200,4.47925304755
5500,20160123,广东省,440000,韶关市,440200,3.2869009559
5501,20160124,广东省,440000,韶关市,440200,2.19433908776
5502,20160125,广东省,440000,韶关市,440200,4.04368467209
5503,20160126,广东省,440000,韶关市,440200,4.89645152826
5504,20160127,广东省,440000,韶关市,440200,7.25689927126
5505,20160128,广东省,440000,韶关市,440200,10.3732349445
5506,20160129,广东省,440000,韶关市,440200,11.0914141093
5507,20160130,广东省,440000,韶关市,440200,10.9551553482
5508,20160131,广东省,440000,韶关市,440200,8.34089859938
5509,20160201,广东省,440000,韶关市,440200,4.35850383838
5510,20160202,广东省,440000,韶关市,440200,4.65216776041
5511,20160203,广东省,440000,韶关市,440200,7.09534915288
5512,20160204,广东省,440000,韶关市,440200,7.7232782046
5513,20160205,广东省,440000,韶关市,440200,9.03321586511
5514,20160206,广东省,440000,韶关市,440200,8.56131156286
5515,20160207,广东省,440000,韶关市,440200,8.51983807637
5516,20160208,广东省,440000,韶关市,440200,10.5545138579
5517,20160209,广东省,440000,韶关市,440200,13.3876269658
5518,20160210,广东省,440000,韶关市,440200,16.5350810075
5519,20160211,广东省,440000,韶关市,440200,18.9727681478
5520,20160212,广东省,440000,韶关市,440200,22.1691928277
5521,20160213,广东省,440000,韶关市,440200,20.3909279261
5522,20160214,广东省,440000,韶关市,440200,9.29056940323
5523,20160215,广东省,440000,韶关市,440200,6.73669492893
5524,20160216,广东省,440000,韶关市,440200,8.50523421703
5525,20160217,广东省,440000,韶关市,440200,10.7632115437
5526,20160218,广东省,440000,韶关市,440200,13.4742529453
5527,20160219,广东省,440000,韶关市,440200,12.2162828934
5528,20160220,广东省,440000,韶关市,440200,13.3464668714
5529,20160221,广东省,440000,韶关市,440200,11.165605545
5530,20160222,广东省,440000,韶关市,440200,9.91611190943
5531,20160223,广东省,440000,韶关市,440200,9.06370675258
5532,20160224,广东省,440000,韶关市,440200,9.76147281207
5533,20160225,广东省,440000,韶关市,440200,9.92499470099
5534,20160226,广东省,440000,韶关市,440200,9.76025470098
5535,20160227,广东省,440000,韶关市,440200,11.5471861179
5536,20160228,广东省,440000,韶关市,440200,13.0908541802
5537,20160229,广东省,440000,韶关市,440200,14.9585750042
5538,20160301,广东省,440000,韶关市,440200,15.4996104118
5539,20160302,广东省,440000,韶关市,440200,16.8060186093
5540,20160303,广东省,440000,韶关市,440200,18.1735467666
5541,20160304,广东省,440000,韶关市,440200,19.6353667333
5542,20160305,广东省,440000,韶关市,440200,19.1487900172
5543,20160306,广东省,440000,韶关市,440200,20.5588023846
5544,20160307,广东省,440000,韶关市,440200,21.1985772451
5545,20160308,广东省,440000,韶关市,440200,19.5401283166
5546,20160309,广东省,440000,韶关市,440200,11.3382482162
5547,20160310,广东省,440000,韶关市,440200,5.94004700123
5548,20160311,广东省,440000,韶关市,440200,7.48465370521
5549,20160312,广东省,440000,韶关市,440200,8.52970144076
5550,20160313,广东省,440000,韶关市,440200,10.8630452278
5551,20160314,广东省,440000,韶关市,440200,12.9791056804
5552,20160315,广东省,440000,韶关市,440200,12.696453877
5553,20160316,广东省,440000,韶关市,440200,13.1731434847
5554,20160317,广东省,440000,韶关市,440200,14.9333616159
5555,20160318,广东省,440000,韶关市,440200,17.7298617241
5556,20160319,广东省,440000,韶关市,440200,19.0839986068
5557,20160320,广东省,440000,韶关市,440200,18.5700206268
5558,20160321,广东省,440000,韶关市,440200,18.1616884134
5559,20160322,广东省,440000,韶关市,440200,17.9180786426
5560,20160323,广东省,440000,韶关市,440200,15.7943951778
5561,20160324,广东省,440000,韶关市,440200,11.7862731738
5562,20160325,广东省,440000,韶关市,440200,12.4594245079
5563,20160326,广东省,440000,韶关市,440200,14.9243871493
5564,20160327,广东省,440000,韶关市,440200,14.0595467396
5565,20160328,广东省,440000,韶关市,440200,16.4976037832
5566,20160329,广东省,440000,韶关市,440200,16.4444491313
5567,20160330,广东省,440000,韶关市,440200,16.5248415531
5568,20160331,广东省,440000,韶关市,440200,20.6197745005
5569,20160401,广东省,440000,韶关市,440200,23.2109139271
5570,20160402,广东省,440000,韶关市,440200,23.1074460347
5571,20160403,广东省,440000,韶关市,440200,22.2319156451
5572,20160404,广东省,440000,韶关市,440200,20.0848120909
5573,20160405,广东省,440000,韶关市,440200,22.8367948288
5574,20160406,广东省,440000,韶关市,440200,25.4224627568
5575,20160407,广东省,440000,韶关市,440200,23.7542965229
5576,20160408,广东省,440000,韶关市,440200,22.7863195859
5577,20160409,广东省,440000,韶关市,440200,22.1121403621
5578,20160410,广东省,440000,韶关市,440200,22.1733039954
5579,20160411,广东省,440000,韶关市,440200,22.2677016136
5580,20160412,广东省,440000,韶关市,440200,21.2072218871
5581,20160413,广东省,440000,韶关市,440200,22.9399620447
5582,20160414,广东省,440000,韶关市,440200,23.1498396458
5583,20160415,广东省,440000,韶关市,440200,23.8524128351
5584,20160416,广东省,440000,韶关市,440200,24.3653471042
5585,20160417,广东省,440000,韶关市,440200,20.3835748526
5586,20160418,广东省,440000,韶关市,440200,19.1569115076
5587,20160419,广东省,440000,韶关市,440200,20.2605853448
5588,20160420,广东省,440000,韶关市,440200,21.7780376337
5589,20160421,广东省,440000,韶关市,440200,22.883157241
5590,20160422,广东省,440000,韶关市,440200,23.0739055536
5591,20160423,广东省,440000,韶关市,440200,22.8202870198
5592,20160424,广东省,440000,韶关市,440200,23.1109472911
5593,20160425,广东省,440000,韶关市,440200,22.9786855257
5594,20160426,广东省,440000,韶关市,440200,23.5972746825
5595,20160427,广东省,440000,韶关市,440200,23.4536465376
5596,20160428,广东省,440000,韶关市,440200,23.8308232625
5597,20160429,广东省,440000,韶关市,440200,21.5050890996
5598,20160430,广东省,440000,韶关市,440200,17.9620794639
5599,20160501,广东省,440000,韶关市,440200,21.1571415632
5600,20160502,广东省,440000,韶关市,440200,26.5336459722
5601,20160503,广东省,440000,韶关市,440200,24.5965653444
5602,20160504,广东省,440000,韶关市,440200,25.8833551651
5603,20160505,广东省,440000,韶关市,440200,25.9320976062
5604,20160506,广东省,440000,韶关市,440200,23.7994989737
5605,20160507,广东省,440000,韶关市,440200,26.0614346235
5606,20160508,广东省,440000,韶关市,440200,24.5158489423
5607,20160509,广东省,440000,韶关市,440200,23.8337867443
5608,20160510,广东省,440000,韶关市,440200,21.9022907844
5609,20160511,广东省,440000,韶关市,440200,23.8443320837
5610,20160512,广东省,440000,韶关市,440200,25.6201959757
5611,20160513,广东省,440000,韶关市,440200,26.5361439632
5612,20160514,广东省,440000,韶关市,440200,26.2514227354
5613,20160515,广东省,440000,韶关市,440200,21.5022347279
5614,20160516,广东省,440000,韶关市,440200,21.1047929617
5615,20160517,广东省,440000,韶关市,440200,23.3843763792
5616,20160518,广东省,440000,韶关市,440200,23.1625031691
5617,20160519,广东省,440000,韶关市,440200,24.0364793631
5618,20160520,广东省,440000,韶关市,440200,22.6594413366
5619,20160521,广东省,440000,韶关市,440200,22.6506557465
5620,20160522,广东省,440000,韶关市,440200,23.4576686468
5621,20160523,广东省,440000,韶关市,440200,25.1489727803
5622,20160524,广东省,440000,韶关市,440200,25.0584624853
5623,20160525,广东省,440000,韶关市,440200,26.9425850893
5624,20160526,广东省,440000,韶关市,440200,28.4025638776
5625,20160527,广东省,440000,韶关市,440200,26.4154387254
5626,20160528,广东省,440000,韶关市,440200,25.0144433242
5627,20160529,广东省,440000,韶关市,440200,26.491816643
5628,20160530,广东省,440000,韶关市,440200,28.3607831124
5629,20160531,广东省,440000,韶关市,440200,30.0640029418
5630,20160601,广东省,440000,韶关市,440200,30.9132669889
5631,20160602,广东省,440000,韶关市,440200,31.0194770617
5632,20160603,广东省,440000,韶关市,440200,27.2994202834
5633,20160604,广东省,440000,韶关市,440200,25.3769289163
5634,20160605,广东省,440000,韶关市,440200,25.4165386787
5635,20160606,广东省,440000,韶关市,440200,27.8910211905
5636,20160607,广东省,440000,韶关市,440200,29.1023607009
5637,20160608,广东省,440000,韶关市,440200,26.8782662612
5638,20160609,广东省,440000,韶关市,440200,26.8227821741
5639,20160610,广东省,440000,韶关市,440200,26.9289037264
5640,20160611,广东省,440000,韶关市,440200,26.9930989192
5641,20160612,广东省,440000,韶关市,440200,25.891472303
5642,20160613,广东省,440000,韶关市,440200,26.9751797211
5643,20160614,广东省,440000,韶关市,440200,26.8092124156
5644,20160615,广东省,440000,韶关市,440200,26.6580983675
5645,20160616,广东省,440000,韶关市,440200,23.5307505192
5646,20160617,广东省,440000,韶关市,440200,26.3659152006
5647,20160618,广东省,440000,韶关市,440200,28.2676473764
5648,20160619,广东省,440000,韶关市,440200,29.7221230727
5649,20160620,广东省,440000,韶关市,440200,29.7617211464
5650,20160621,广东省,440000,韶关市,440200,30.3495785151
5651,20160622,广东省,440000,韶关市,440200,30.1882003882
5652,20160623,广东省,440000,韶关市,440200,30.4392625858
5653,20160624,广东省,440000,韶关市,440200,30.1777067918
5654,20160625,广东省,440000,韶关市,440200,30.2285025181
5655,20160626,广东省,440000,韶关市,440200,29.738099465
5656,20160627,广东省,440000,韶关市,440200,30.3735390688
5657,20160628,广东省,440000,韶关市,440200,27.3746837714
5658,20160629,广东省,440000,韶关市,440200,27.4651419322
5659,20160630,广东省,440000,韶关市,440200,27.6982193482
5660,20160701,广东省,440000,韶关市,440200,28.0697651398
5661,20160702,广东省,440000,韶关市,440200,27.7116830288
5662,20160703,广东省,440000,韶关市,440200,27.2614963238
5663,20160704,广东省,440000,韶关市,440200,27.0280853663
5664,20160705,广东省,440000,韶关市,440200,27.0718150506
5665,20160706,广东省,440000,韶关市,440200,28.3935536605
5666,20160707,广东省,440000,韶关市,440200,29.8948955047
5667,20160708,广东省,440000,韶关市,440200,30.8668005528
5668,20160709,广东省,440000,韶关市,440200,30.1408260052
5669,20160710,广东省,440000,韶关市,440200,27.0126269903
5670,20160711,广东省,440000,韶关市,440200,26.5722616636
5671,20160712,广东省,440000,韶关市,440200,27.7216535226
5672,20160713,广东省,440000,韶关市,440200,26.9117575914
5673,20160714,广东省,440000,韶关市,440200,27.4632112063
5674,20160715,广东省,440000,韶关市,440200,28.8583829342
5675,20160716,广东省,440000,韶关市,440200,29.6153885768
5676,20160717,广东省,440000,韶关市,440200,30.1645834507
5677,20160718,广东省,440000,韶关市,440200,29.4431949029
5678,20160719,广东省,440000,韶关市,440200,29.5122174972
5679,20160720,广东省,440000,韶关市,440200,28.5115310473
5680,20160721,广东省,440000,韶关市,440200,29.884684147
5681,20160722,广东省,440000,韶关市,440200,29.9866965856
5682,20160723,广东省,440000,韶关市,440200,30.4903457348
5683,20160724,广东省,440000,韶关市,440200,31.0902591608
5684,20160725,广东省,440000,韶关市,440200,31.2434315804
5685,20160726,广东省,440000,韶关市,440200,30.1420653906
5686,20160727,广东省,440000,韶关市,440200,30.2892116155
5687,20160728,广东省,440000,韶关市,440200,30.4578022101
5688,20160729,广东省,440000,韶关市,440200,31.1352098416
5689,20160730,广东省,440000,韶关市,440200,29.4967061067
5690,20160731,广东省,440000,韶关市,440200,29.6979913956
5691,20160801,广东省,440000,韶关市,440200,30.5481622647
5692,20160802,广东省,440000,韶关市,440200,25.7189443539
5693,20160803,广东省,440000,韶关市,440200,26.1969066522
5694,20160804,广东省,440000,韶关市,440200,27.4342627892
5695,20160805,广东省,440000,韶关市,440200,28.6802902711
5696,20160806,广东省,440000,韶关市,440200,29.8240774595
5697,20160807,广东省,440000,韶关市,440200,29.9753836118
5698,20160808,广东省,440000,韶关市,440200,28.4350630442
5699,20160809,广东省,440000,韶关市,440200,28.327559789
5700,20160810,广东省,440000,韶关市,440200,26.4951259417
5701,20160811,广东省,440000,韶关市,440200,28.877009025
5702,20160812,广东省,440000,韶关市,440200,26.4039415213
5703,20160813,广东省,440000,韶关市,440200,27.8411122347
5704,20160814,广东省,440000,韶关市,440200,27.0019532717
5705,20160815,广东省,440000,韶关市,440200,27.6985204648
5706,20160816,广东省,440000,韶关市,440200,28.7821077689
5707,20160817,广东省,440000,韶关市,440200,29.0307109539
5708,20160818,广东省,440000,韶关市,440200,28.0766935593
5709,20160819,广东省,440000,韶关市,440200,28.5221879421
5710,20160820,广东省,440000,韶关市,440200,29.1186763079
5711,20160821,广东省,440000,韶关市,440200,29.320432125
5712,20160822,广东省,440000,韶关市,440200,29.6408596528
5713,20160823,广东省,440000,韶关市,440200,28.8789886572
5714,20160824,广东省,440000,韶关市,440200,29.4170129238
5715,20160825,广东省,440000,韶关市,440200,30.3354606139
5716,20160826,广东省,440000,韶关市,440200,26.9486064911
5717,20160827,广东省,440000,韶关市,440200,25.139490421
5718,20160828,广东省,440000,韶关市,440200,24.2004615588
5719,20160829,广东省,440000,韶关市,440200,25.2154393807
5720,20160830,广东省,440000,韶关市,440200,26.3818306067
5721,20160831,广东省,440000,韶关市,440200,28.1492866125
5722,20160901,广东省,440000,韶关市,440200,27.1136402228
5723,20160902,广东省,440000,韶关市,440200,25.0839929336
5724,20160903,广东省,440000,韶关市,440200,26.2262942485
5725,20160904,广东省,440000,韶关市,440200,25.8172865648
5726,20160905,广东省,440000,韶关市,440200,27.3795091678
5727,20160906,广东省,440000,韶关市,440200,27.3857440948
5728,20160907,广东省,440000,韶关市,440200,27.436758775
5729,20160908,广东省,440000,韶关市,440200,28.1398246472
5730,20160909,广东省,440000,韶关市,440200,28.0252883129
5731,20160910,广东省,440000,韶关市,440200,25.3077896314
5732,20160911,广东省,440000,韶关市,440200,24.0901091649
5733,20160912,广东省,440000,韶关市,440200,26.2799906119
5734,20160913,广东省,440000,韶关市,440200,27.0727046086
5735,20160914,广东省,440000,韶关市,440200,27.4259790274
5736,20160915,广东省,440000,韶关市,440200,26.1470789787
5737,20160916,广东省,440000,韶关市,440200,26.908736987
5738,20160917,广东省,440000,韶关市,440200,26.1010464399
5739,20160918,广东省,440000,韶关市,440200,25.8327472393
5740,20160919,广东省,440000,韶关市,440200,25.8015817985
5741,20160920,广东省,440000,韶关市,440200,25.0036804004
5742,20160921,广东省,440000,韶关市,440200,25.3285141969
5743,20160922,广东省,440000,韶关市,440200,25.500960619
5744,20160923,广东省,440000,韶关市,440200,26.3418587416
5745,20160924,广东省,440000,韶关市,440200,27.2008690956
5746,20160925,广东省,440000,韶关市,440200,28.1911750207
5747,20160926,广东省,440000,韶关市,440200,28.9715793805
5748,20160927,广东省,440000,韶关市,440200,30.2306323418
5749,20160928,广东省,440000,韶关市,440200,25.8856082818
5750,20160929,广东省,440000,韶关市,440200,19.913049649
5751,20160930,广东省,440000,韶关市,440200,19.1807226523
5752,20161001,广东省,440000,韶关市,440200,22.1616729834
5753,20161002,广东省,440000,韶关市,440200,24.9852988903
5754,20161003,广东省,440000,韶关市,440200,25.5370923067
5755,20161004,广东省,440000,韶关市,440200,25.4554052597
5756,20161005,广东省,440000,韶关市,440200,25.8195615426
5757,20161006,广东省,440000,韶关市,440200,26.1351515941
5758,20161007,广东省,440000,韶关市,440200,25.929552225
5759,20161008,广东省,440000,韶关市,440200,24.3803645403
5760,20161009,广东省,440000,韶关市,440200,22.2290415642
5761,20161010,广东省,440000,韶关市,440200,22.5145250956
5762,20161011,广东省,440000,韶关市,440200,22.7417347248
5763,20161012,广东省,440000,韶关市,440200,20.7025399819
5764,20161013,广东省,440000,韶关市,440200,21.3768030313
5765,20161014,广东省,440000,韶关市,440200,22.0213819651
5766,20161015,广东省,440000,韶关市,440200,23.8024837298
5767,20161016,广东省,440000,韶关市,440200,24.9721106994
5768,20161017,广东省,440000,韶关市,440200,24.7820484944
5769,20161018,广东省,440000,韶关市,440200,21.9870627966
5770,20161019,广东省,440000,韶关市,440200,22.606729214
5771,20161020,广东省,440000,韶关市,440200,25.0261905377
5772,20161021,广东省,440000,韶关市,440200,24.7971477509
5773,20161022,广东省,440000,韶关市,440200,25.0982867021
5774,20161023,广东省,440000,韶关市,440200,24.6122412559
5775,20161024,广东省,440000,韶关市,440200,24.13771331
5776,20161025,广东省,440000,韶关市,440200,25.10258479
5777,20161026,广东省,440000,韶关市,440200,26.3178386688
5778,20161027,广东省,440000,韶关市,440200,25.6266218332
5779,20161028,广东省,440000,韶关市,440200,24.3482351548
5780,20161029,广东省,440000,韶关市,440200,17.9620740108
5781,20161030,广东省,440000,韶关市,440200,18.0244082182
5782,20161031,广东省,440000,韶关市,440200,19.3024659035
5783,20161101,广东省,440000,韶关市,440200,17.9598116019
5784,20161102,广东省,440000,韶关市,440200,16.7326541314
5785,20161103,广东省,440000,韶关市,440200,16.0619218533
5786,20161104,广东省,440000,韶关市,440200,17.7925949097
5787,20161105,广东省,440000,韶关市,440200,20.2890760471
5788,20161106,广东省,440000,韶关市,440200,22.1201427166
5789,20161107,广东省,440000,韶关市,440200,22.827642832
5790,20161108,广东省,440000,韶关市,440200,16.0590636914
5791,20161109,广东省,440000,韶关市,440200,12.0226689608
5792,20161110,广东省,440000,韶关市,440200,11.6958428652
5793,20161111,广东省,440000,韶关市,440200,14.1458254839
5794,20161112,广东省,440000,韶关市,440200,18.5119257707
5795,20161113,广东省,440000,韶关市,440200,22.7330113924
5796,20161114,广东省,440000,韶关市,440200,23.4432675777
5797,20161115,广东省,440000,韶关市,440200,23.3133771358
5798,20161116,广东省,440000,韶关市,440200,23.2127925677
5799,20161117,广东省,440000,韶关市,440200,22.5704877315
5800,20161118,广东省,440000,韶关市,440200,23.1441127581
5801,20161119,广东省,440000,韶关市,440200,23.1066672985
5802,20161120,广东省,440000,韶关市,440200,20.7619927235
5803,20161121,广东省,440000,韶关市,440200,21.1766042954
5804,20161122,广东省,440000,韶关市,440200,18.0987207217
5805,20161123,广东省,440000,韶关市,440200,8.30242035939
5806,20161124,广东省,440000,韶关市,440200,8.2784605821
5807,20161125,广东省,440000,韶关市,440200,9.12472498723
5808,20161126,广东省,440000,韶关市,440200,8.19505739212
5809,20161127,广东省,440000,韶关市,440200,10.7201600319
5810,20161128,广东省,440000,韶关市,440200,11.6977100861
5811,20161129,广东省,440000,韶关市,440200,12.6326861504
5812,20161130,广东省,440000,韶关市,440200,12.8983346499
5813,20161201,广东省,440000,韶关市,440200,12.6579673718
5814,20161202,广东省,440000,韶关市,440200,13.9848703482
5815,20161203,广东省,440000,韶关市,440200,16.6623816857
5816,20161204,广东省,440000,韶关市,440200,18.0140241721
5817,20161205,广东省,440000,韶关市,440200,18.0032212429
5818,20161206,广东省,440000,韶关市,440200,14.5005250833
5819,20161207,广东省,440000,韶关市,440200,13.2023943388
5820,20161208,广东省,440000,韶关市,440200,13.3500893422
5821,20161209,广东省,440000,韶关市,440200,13.9174781702
5822,20161210,广东省,440000,韶关市,440200,14.7106151825
5823,20161211,广东省,440000,韶关市,440200,15.4863548523
5824,20161212,广东省,440000,韶关市,440200,17.6818528298
5825,20161213,广东省,440000,韶关市,440200,16.0749408282
5826,20161214,广东省,440000,韶关市,440200,12.7526176159
5827,20161215,广东省,440000,韶关市,440200,9.93804820379
5828,20161216,广东省,440000,韶关市,440200,8.98070030946
5829,20161217,广东省,440000,韶关市,440200,12.3000734525
5830,20161218,广东省,440000,韶关市,440200,16.0988492477
5831,20161219,广东省,440000,韶关市,440200,17.3426713454
5832,20161220,广东省,440000,韶关市,440200,18.7631731522
5833,20161221,广东省,440000,韶关市,440200,18.6741689291
5834,20161222,广东省,440000,韶关市,440200,13.7023342573
5835,20161223,广东省,440000,韶关市,440200,14.1817661921
5836,20161224,广东省,440000,韶关市,440200,15.2203319501
5837,20161225,广东省,440000,韶关市,440200,15.8172372182
5838,20161226,广东省,440000,韶关市,440200,12.9940531559
5839,20161227,广东省,440000,韶关市,440200,8.28959079889
5840,20161228,广东省,440000,韶关市,440200,9.0409526825
5841,20161229,广东省,440000,韶关市,440200,9.45216365961
5842,20161230,广东省,440000,韶关市,440200,9.35890656251
5843,20161231,广东省,440000,韶关市,440200,12.9529952025
5844,20170101,广东省,440000,韶关市,440200,15.6646408912
5845,20170102,广东省,440000,韶关市,440200,18.2362918854
5846,20170103,广东省,440000,韶关市,440200,18.0114716261
5847,20170104,广东省,440000,韶关市,440200,18.5545959962
5848,20170105,广东省,440000,韶关市,440200,18.4648527488
5849,20170106,广东省,440000,韶关市,440200,18.5663653887
5850,20170107,广东省,440000,韶关市,440200,17.6050424331
5851,20170108,广东省,440000,韶关市,440200,13.9856417974
5852,20170109,广东省,440000,韶关市,440200,14.5747476724
5853,20170110,广东省,440000,韶关市,440200,15.48698841
5854,20170111,广东省,440000,韶关市,440200,11.7673880381
5855,20170112,广东省,440000,韶关市,440200,8.14565828519
5856,20170113,广东省,440000,韶关市,440200,8.80134247511
5857,20170114,广东省,440000,韶关市,440200,9.61634752078
5858,20170115,广东省,440000,韶关市,440200,9.69978356973
5859,20170116,广东省,440000,韶关市,440200,9.99736521794
5860,20170117,广东省,440000,韶关市,440200,10.7737091627
5861,20170118,广东省,440000,韶关市,440200,11.6354695956
5862,20170119,广东省,440000,韶关市,440200,10.8112433629
5863,20170120,广东省,440000,韶关市,440200,9.99950130169
5864,20170121,广东省,440000,韶关市,440200,10.1357498047
5865,20170122,广东省,440000,韶关市,440200,10.2224839039
5866,20170123,广东省,440000,韶关市,440200,11.2263688308
5867,20170124,广东省,440000,韶关市,440200,13.853294128
5868,20170125,广东省,440000,韶关市,440200,13.8601285494
5869,20170126,广东省,440000,韶关市,440200,12.2871518013
5870,20170127,广东省,440000,韶关市,440200,12.9037741148
5871,20170128,广东省,440000,韶关市,440200,16.7177717747
5872,20170129,广东省,440000,韶关市,440200,17.0098016201
5873,20170130,广东省,440000,韶关市,440200,12.085905503
5874,20170131,广东省,440000,韶关市,440200,10.8760926418
5875,20170201,广东省,440000,韶关市,440200,12.3806589934
5876,20170202,广东省,440000,韶关市,440200,11.8672552231
5877,20170203,广东省,440000,韶关市,440200,13.0256506602
5878,20170204,广东省,440000,韶关市,440200,15.1713851293
5879,20170205,广东省,440000,韶关市,440200,14.8694445537
5880,20170206,广东省,440000,韶关市,440200,15.1634105047
5881,20170207,广东省,440000,韶关市,440200,14.690886473
5882,20170208,广东省,440000,韶关市,440200,8.87882084724
5883,20170209,广东省,440000,韶关市,440200,6.87473188302
5884,20170210,广东省,440000,韶关市,440200,7.51518096679
5885,20170211,广东省,440000,韶关市,440200,9.08893607213
5886,20170212,广东省,440000,韶关市,440200,9.72609092028
5887,20170213,广东省,440000,韶关市,440200,11.751632397
5888,20170214,广东省,440000,韶关市,440200,13.8802581689
5889,20170215,广东省,440000,韶关市,440200,15.5745519247
5890,20170216,广东省,440000,韶关市,440200,18.0189576271
5891,20170217,广东省,440000,韶关市,440200,19.1453600663
5892,20170218,广东省,440000,韶关市,440200,19.4930899938
5893,20170219,广东省,440000,韶关市,440200,19.6117896545
5894,20170220,广东省,440000,韶关市,440200,20.8231079395
5895,20170221,广东省,440000,韶关市,440200,20.678793736
5896,20170222,广东省,440000,韶关市,440200,12.8811927331
5897,20170223,广东省,440000,韶关市,440200,7.25183909979
5898,20170224,广东省,440000,韶关市,440200,6.32486783541
5899,20170225,广东省,440000,韶关市,440200,6.9819452946
5900,20170226,广东省,440000,韶关市,440200,12.1349115616
5901,20170227,广东省,440000,韶关市,440200,14.0779481545
5902,20170228,广东省,440000,韶关市,440200,13.0276961938
5903,20170301,广东省,440000,韶关市,440200,14.8417685582
5904,20170302,广东省,440000,韶关市,440200,14.1273168906
5905,20170303,广东省,440000,韶关市,440200,14.9568936519
5906,20170304,广东省,440000,韶关市,440200,18.3534898024
5907,20170305,广东省,440000,韶关市,440200,17.4546426626
5908,20170306,广东省,440000,韶关市,440200,13.5853737562
5909,20170307,广东省,440000,韶关市,440200,11.7998193594
5910,20170308,广东省,440000,韶关市,440200,13.023950748
5911,20170309,广东省,440000,韶关市,440200,12.4527354607
5912,20170310,广东省,440000,韶关市,440200,13.8980014997
5913,20170311,广东省,440000,韶关市,440200,15.9183154228
5914,20170312,广东省,440000,韶关市,440200,17.8416472949
5915,20170313,广东省,440000,韶关市,440200,17.7408340161
5916,20170314,广东省,440000,韶关市,440200,11.7747101417
5917,20170315,广东省,440000,韶关市,440200,11.9055006321
5918,20170316,广东省,440000,韶关市,440200,12.1524838912
5919,20170317,广东省,440000,韶关市,440200,13.4197537349
5920,20170318,广东省,440000,韶关市,440200,14.3917235839
5921,20170319,广东省,440000,韶关市,440200,16.0719511815
5922,20170320,广东省,440000,韶关市,440200,18.3615939311
5923,20170321,广东省,440000,韶关市,440200,16.0513458741
5924,20170322,广东省,440000,韶关市,440200,15.5011206162
5925,20170323,广东省,440000,韶关市,440200,19.0532450309
5926,20170324,广东省,440000,韶关市,440200,18.2705330726
5927,20170325,广东省,440000,韶关市,440200,11.5770214276
5928,20170326,广东省,440000,韶关市,440200,13.3154080953
5929,20170327,广东省,440000,韶关市,440200,17.4142086812
5930,20170328,广东省,440000,韶关市,440200,18.7112606244
5931,20170329,广东省,440000,韶关市,440200,19.5949191069
5932,20170330,广东省,440000,韶关市,440200,20.9436293382
5933,20170331,广东省,440000,韶关市,440200,13.7631257864
5934,20170401,广东省,440000,韶关市,440200,15.6701955551
5935,20170402,广东省,440000,韶关市,440200,18.1165556296
5936,20170403,广东省,440000,韶关市,440200,19.9908209092
5937,20170404,广东省,440000,韶关市,440200,21.489619035
5938,20170405,广东省,440000,韶关市,440200,23.0802089006
5939,20170406,广东省,440000,韶关市,440200,22.3140539512
5940,20170407,广东省,440000,韶关市,440200,25.2658267388
5941,20170408,广东省,440000,韶关市,440200,25.426983222
5942,20170409,广东省,440000,韶关市,440200,24.6859239432
5943,20170410,广东省,440000,韶关市,440200,22.1775739376
5944,20170411,广东省,440000,韶关市,440200,15.5165989949
5945,20170412,广东省,440000,韶关市,440200,15.5664495321
5946,20170413,广东省,440000,韶关市,440200,17.8593452649
5947,20170414,广东省,440000,韶关市,440200,21.5400928106
5948,20170415,广东省,440000,韶关市,440200,22.5882295462
5949,20170416,广东省,440000,韶关市,440200,24.5490859105
5950,20170417,广东省,440000,韶关市,440200,23.233794139
5951,20170418,广东省,440000,韶关市,440200,24.7149959466
5952,20170419,广东省,440000,韶关市,440200,22.410491112
5953,20170420,广东省,440000,韶关市,440200,23.7671198234
5954,20170421,广东省,440000,韶关市,440200,18.1837557768
5955,20170422,广东省,440000,韶关市,440200,17.1395168304
5956,20170423,广东省,440000,韶关市,440200,20.5774110647
5957,20170424,广东省,440000,韶关市,440200,21.2549145527
5958,20170425,广东省,440000,韶关市,440200,21.4136375036
5959,20170426,广东省,440000,韶关市,440200,20.3106154417
5960,20170427,广东省,440000,韶关市,440200,17.7366894453
5961,20170428,广东省,440000,韶关市,440200,19.3407702324
5962,20170429,广东省,440000,韶关市,440200,21.6646124033
5963,20170430,广东省,440000,韶关市,440200,24.0801774538
5964,20170501,广东省,440000,韶关市,440200,23.6455289401
5965,20170502,广东省,440000,韶关市,440200,24.9837944324
5966,20170503,广东省,440000,韶关市,440200,26.1622665601
5967,20170504,广东省,440000,韶关市,440200,22.3935593825
5968,20170505,广东省,440000,韶关市,440200,24.2961284931
5969,20170506,广东省,440000,韶关市,440200,26.1614210178
5970,20170507,广东省,440000,韶关市,440200,23.496790568
5971,20170508,广东省,440000,韶关市,440200,22.2518732609
5972,20170509,广东省,440000,韶关市,440200,24.3303355193
5973,20170510,广东省,440000,韶关市,440200,26.3462808071
5974,20170511,广东省,440000,韶关市,440200,27.057079413
5975,20170512,广东省,440000,韶关市,440200,24.3706190158
5976,20170513,广东省,440000,韶关市,440200,24.2424419599
5977,20170514,广东省,440000,韶关市,440200,26.5536384093
5978,20170515,广东省,440000,韶关市,440200,21.8863118001
5979,20170516,广东省,440000,韶关市,440200,23.2636254628
5980,20170517,广东省,440000,韶关市,440200,24.1817079691
5981,20170518,广东省,440000,韶关市,440200,24.8879220425
5982,20170519,广东省,440000,韶关市,440200,22.9472336891
5983,20170520,广东省,440000,韶关市,440200,24.4386188801
5984,20170521,广东省,440000,韶关市,440200,23.7155662439
5985,20170522,广东省,440000,韶关市,440200,24.3679543031
5986,20170523,广东省,440000,韶关市,440200,25.2284341959
5987,20170524,广东省,440000,韶关市,440200,22.1236884288
5988,20170525,广东省,440000,韶关市,440200,22.7867180751
5989,20170526,广东省,440000,韶关市,440200,23.0894776858
5990,20170527,广东省,440000,韶关市,440200,24.7912040613
5991,20170528,广东省,440000,韶关市,440200,25.5693802467
5992,20170529,广东省,440000,韶关市,440200,26.4558373476
5993,20170530,广东省,440000,韶关市,440200,27.5903219565
5994,20170531,广东省,440000,韶关市,440200,28.7328367478
5995,20170601,广东省,440000,韶关市,440200,28.3628535148
5996,20170602,广东省,440000,韶关市,440200,26.0324202807
5997,20170603,广东省,440000,韶关市,440200,27.3584269499
5998,20170604,广东省,440000,韶关市,440200,27.9938249833
5999,20170605,广东省,440000,韶关市,440200,28.3491736681
6000,20170606,广东省,440000,韶关市,440200,26.3519027906
6001,20170607,广东省,440000,韶关市,440200,27.1094886584
6002,20170608,广东省,440000,韶关市,440200,27.7462678078
6003,20170609,广东省,440000,韶关市,440200,27.2313419733
6004,20170610,广东省,440000,韶关市,440200,28.6580900535
6005,20170611,广东省,440000,韶关市,440200,29.3574240269
6006,20170612,广东省,440000,韶关市,440200,28.024806634
6007,20170613,广东省,440000,韶关市,440200,26.8032020178
6008,20170614,广东省,440000,韶关市,440200,25.7061479031
6009,20170615,广东省,440000,韶关市,440200,25.618941087
6010,20170616,广东省,440000,韶关市,440200,23.7448361715
6011,20170617,广东省,440000,韶关市,440200,23.7103349735
6012,20170618,广东省,440000,韶关市,440200,24.3165496924
6013,20170619,广东省,440000,韶关市,440200,25.5367897718
6014,20170620,广东省,440000,韶关市,440200,25.897240223
6015,20170621,广东省,440000,韶关市,440200,26.1909018296
6016,20170622,广东省,440000,韶关市,440200,26.1603551522
6017,20170623,广东省,440000,韶关市,440200,28.6648177122
6018,20170624,广东省,440000,韶关市,440200,29.1104337741
6019,20170625,广东省,440000,韶关市,440200,28.7637564341
6020,20170626,广东省,440000,韶关市,440200,26.8881888756
6021,20170627,广东省,440000,韶关市,440200,26.4215556414
6022,20170628,广东省,440000,韶关市,440200,26.9037083357
6023,20170629,广东省,440000,韶关市,440200,27.7309941023
6024,20170630,广东省,440000,韶关市,440200,28.0749843793
6025,20170701,广东省,440000,韶关市,440200,27.0780028808
6026,20170702,广东省,440000,韶关市,440200,25.5468584696
6027,20170703,广东省,440000,韶关市,440200,25.4744446094
6028,20170704,广东省,440000,韶关市,440200,26.8071338947
6029,20170705,广东省,440000,韶关市,440200,28.093635608
6030,20170706,广东省,440000,韶关市,440200,27.0886288667
6031,20170707,广东省,440000,韶关市,440200,27.2956916613
6032,20170708,广东省,440000,韶关市,440200,26.4026387043
6033,20170709,广东省,440000,韶关市,440200,27.7782458281
6034,20170710,广东省,440000,韶关市,440200,28.0308272533
6035,20170711,广东省,440000,韶关市,440200,28.4213750301
6036,20170712,广东省,440000,韶关市,440200,29.2959115444
6037,20170713,广东省,440000,韶关市,440200,29.2816990094
6038,20170714,广东省,440000,韶关市,440200,29.2168665177
6039,20170715,广东省,440000,韶关市,440200,28.4518715296
6040,20170716,广东省,440000,韶关市,440200,27.6836014283
6041,20170717,广东省,440000,韶关市,440200,27.1400005634
6042,20170718,广东省,440000,韶关市,440200,26.3846160204
6043,20170719,广东省,440000,韶关市,440200,26.1968310429
6044,20170720,广东省,440000,韶关市,440200,27.7212870671
6045,20170721,广东省,440000,韶关市,440200,28.7618524111
6046,20170722,广东省,440000,韶关市,440200,29.3385269458
6047,20170723,广东省,440000,韶关市,440200,27.8635557126
6048,20170724,广东省,440000,韶关市,440200,28.5203718039
6049,20170725,广东省,440000,韶关市,440200,29.5174138485
6050,20170726,广东省,440000,韶关市,440200,28.4994320992
6051,20170727,广东省,440000,韶关市,440200,29.6706465697
6052,20170728,广东省,440000,韶关市,440200,30.5635459117
6053,20170729,广东省,440000,韶关市,440200,30.6347756997
6054,20170730,广东省,440000,韶关市,440200,30.9440072867
6055,20170731,广东省,440000,韶关市,440200,28.3170531346
6056,20170801,广东省,440000,韶关市,440200,29.7836437714
6057,20170802,广东省,440000,韶关市,440200,29.2602031414
6058,20170803,广东省,440000,韶关市,440200,28.3282919664
6059,20170804,广东省,440000,韶关市,440200,29.3664635389
6060,20170805,广东省,440000,韶关市,440200,30.2799037542
6061,20170806,广东省,440000,韶关市,440200,30.8843353467
6062,20170807,广东省,440000,韶关市,440200,31.2605287112
6063,20170808,广东省,440000,韶关市,440200,30.9194214161
6064,20170809,广东省,440000,韶关市,440200,30.1271823981
6065,20170810,广东省,440000,韶关市,440200,28.8372164995
6066,20170811,广东省,440000,韶关市,440200,28.4772908137
6067,20170812,广东省,440000,韶关市,440200,30.2781698765
6068,20170813,广东省,440000,韶关市,440200,30.2344490443
6069,20170814,广东省,440000,韶关市,440200,29.5786085373
6070,20170815,广东省,440000,韶关市,440200,29.021916903
6071,20170816,广东省,440000,韶关市,440200,29.2114927341
6072,20170817,广东省,440000,韶关市,440200,29.3807302133
6073,20170818,广东省,440000,韶关市,440200,29.6506547683
6074,20170819,广东省,440000,韶关市,440200,30.2354487395
6075,20170820,广东省,440000,韶关市,440200,30.8330265436
6076,20170821,广东省,440000,韶关市,440200,31.5012180133
6077,20170822,广东省,440000,韶关市,440200,31.0469782414
6078,20170823,广东省,440000,韶关市,440200,27.7789202959
6079,20170824,广东省,440000,韶关市,440200,27.8713415097
6080,20170825,广东省,440000,韶关市,440200,27.6795044434
6081,20170826,广东省,440000,韶关市,440200,27.7395492945
6082,20170827,广东省,440000,韶关市,440200,26.0974176358
6083,20170828,广东省,440000,韶关市,440200,25.8656651424
6084,20170829,广东省,440000,韶关市,440200,28.3728631337
6085,20170830,广东省,440000,韶关市,440200,29.2424602509
6086,20170831,广东省,440000,韶关市,440200,28.2375362103
6087,20170901,广东省,440000,韶关市,440200,28.2905818255
6088,20170902,广东省,440000,韶关市,440200,28.862893667
6089,20170903,广东省,440000,韶关市,440200,29.7429659917
6090,20170904,广东省,440000,韶关市,440200,26.0964022416
6091,20170905,广东省,440000,韶关市,440200,26.4485458961
6092,20170906,广东省,440000,韶关市,440200,28.7154278388
6093,20170907,广东省,440000,韶关市,440200,26.9086630406
6094,20170908,广东省,440000,韶关市,440200,28.2341542366
6095,20170909,广东省,440000,韶关市,440200,28.016215789
6096,20170910,广东省,440000,韶关市,440200,27.9893433498
6097,20170911,广东省,440000,韶关市,440200,28.4497486506
6098,20170912,广东省,440000,韶关市,440200,27.8082189315
6099,20170913,广东省,440000,韶关市,440200,27.8974722349
6100,20170914,广东省,440000,韶关市,440200,26.8798225109
6101,20170915,广东省,440000,韶关市,440200,26.6831564781
6102,20170916,广东省,440000,韶关市,440200,27.4426731207
6103,20170917,广东省,440000,韶关市,440200,27.0958385957
6104,20170918,广东省,440000,韶关市,440200,28.0737232795
6105,20170919,广东省,440000,韶关市,440200,28.4131448697
6106,20170920,广东省,440000,韶关市,440200,28.2329150469
6107,20170921,广东省,440000,韶关市,440200,28.8231427608
6108,20170922,广东省,440000,韶关市,440200,28.430722848
6109,20170923,广东省,440000,韶关市,440200,28.5730996743
6110,20170924,广东省,440000,韶关市,440200,28.6656084305
6111,20170925,广东省,440000,韶关市,440200,28.401388853
6112,20170926,广东省,440000,韶关市,440200,29.1197119004
6113,20170927,广东省,440000,韶关市,440200,29.7007239904
6114,20170928,广东省,440000,韶关市,440200,29.1123628861
6115,20170929,广东省,440000,韶关市,440200,27.0764604715
6116,20170930,广东省,440000,韶关市,440200,27.8800855294
6117,20171001,广东省,440000,韶关市,440200,28.7141805306
6118,20171002,广东省,440000,韶关市,440200,29.0432040875
6119,20171003,广东省,440000,韶关市,440200,28.5396304986
6120,20171004,广东省,440000,韶关市,440200,25.6430437137
6121,20171005,广东省,440000,韶关市,440200,25.1305787991
6122,20171006,广东省,440000,韶关市,440200,25.0757452647
6123,20171007,广东省,440000,韶关市,440200,26.3810823881
6124,20171008,广东省,440000,韶关市,440200,27.3041852804
6125,20171009,广东省,440000,韶关市,440200,27.5057485532
6126,20171010,广东省,440000,韶关市,440200,28.5975444011
6127,20171011,广东省,440000,韶关市,440200,26.8267876552
6128,20171012,广东省,440000,韶关市,440200,21.7237947415
6129,20171013,广东省,440000,韶关市,440200,20.5511074555
6130,20171014,广东省,440000,韶关市,440200,19.6862001175
6131,20171015,广东省,440000,韶关市,440200,17.9732147608
6132,20171016,广东省,440000,韶关市,440200,18.0610489968
6133,20171017,广东省,440000,韶关市,440200,19.5570186224
6134,20171018,广东省,440000,韶关市,440200,21.1470324198
6135,20171019,广东省,440000,韶关市,440200,20.2729508327
6136,20171020,广东省,440000,韶关市,440200,19.8895778167
6137,20171021,广东省,440000,韶关市,440200,19.0232069064
6138,20171022,广东省,440000,韶关市,440200,18.9233226287
6139,20171023,广东省,440000,韶关市,440200,20.0638960814
6140,20171024,广东省,440000,韶关市,440200,20.3484391922
6141,20171025,广东省,440000,韶关市,440200,21.0986089951
6142,20171026,广东省,440000,韶关市,440200,21.7366240575
6143,20171027,广东省,440000,韶关市,440200,21.5183874766
6144,20171028,广东省,440000,韶关市,440200,20.6856543223
6145,20171029,广东省,440000,韶关市,440200,20.2809284406
6146,20171030,广东省,440000,韶关市,440200,17.4115852209
6147,20171031,广东省,440000,韶关市,440200,16.4668281017
6148,20171101,广东省,440000,韶关市,440200,18.2144430601
6149,20171102,广东省,440000,韶关市,440200,19.8007092109
6150,20171103,广东省,440000,韶关市,440200,21.0492039216
6151,20171104,广东省,440000,韶关市,440200,19.8850029187
6152,20171105,广东省,440000,韶关市,440200,18.5874598087
6153,20171106,广东省,440000,韶关市,440200,18.8222850897
6154,20171107,广东省,440000,韶关市,440200,17.785500502
6155,20171108,广东省,440000,韶关市,440200,19.3635731232
6156,20171109,广东省,440000,韶关市,440200,20.6421614427
6157,20171110,广东省,440000,韶关市,440200,22.5820097801
6158,20171111,广东省,440000,韶关市,440200,20.6649540143
6159,20171112,广东省,440000,韶关市,440200,20.6238341698
6160,20171113,广东省,440000,韶关市,440200,20.1748220737
6161,20171114,广东省,440000,韶关市,440200,19.6501154288
6162,20171115,广东省,440000,韶关市,440200,18.4149448444
6163,20171116,广东省,440000,韶关市,440200,20.624966548
6164,20171117,广东省,440000,韶关市,440200,22.7201949878
6165,20171118,广东省,440000,韶关市,440200,14.9887869908
6166,20171119,广东省,440000,韶关市,440200,11.6769505036
6167,20171120,广东省,440000,韶关市,440200,10.0095273409
6168,20171121,广东省,440000,韶关市,440200,11.2342574658
6169,20171122,广东省,440000,韶关市,440200,11.8420433876
6170,20171123,广东省,440000,韶关市,440200,12.2797518999
6171,20171124,广东省,440000,韶关市,440200,10.6066412803
6172,20171125,广东省,440000,韶关市,440200,11.3869119546
6173,20171126,广东省,440000,韶关市,440200,12.9064704699
6174,20171127,广东省,440000,韶关市,440200,15.9789128181
6175,20171128,广东省,440000,韶关市,440200,18.5320498638
6176,20171129,广东省,440000,韶关市,440200,19.4274656345
6177,20171130,广东省,440000,韶关市,440200,14.9167302939
6178,20171201,广东省,440000,韶关市,440200,12.6648810705
6179,20171202,广东省,440000,韶关市,440200,13.5806017656
6180,20171203,广东省,440000,韶关市,440200,15.2206823398
6181,20171204,广东省,440000,韶关市,440200,14.5589548258
6182,20171205,广东省,440000,韶关市,440200,13.1763898898
6183,20171206,广东省,440000,韶关市,440200,13.7276638716
6184,20171207,广东省,440000,韶关市,440200,15.3611681767
6185,20171208,广东省,440000,韶关市,440200,11.7404418603
6186,20171209,广东省,440000,韶关市,440200,10.4694214601
6187,20171210,广东省,440000,韶关市,440200,12.7882599953
6188,20171211,广东省,440000,韶关市,440200,13.2688159698
6189,20171212,广东省,440000,韶关市,440200,14.1642470482
6190,20171213,广东省,440000,韶关市,440200,12.4727069904
6191,20171214,广东省,440000,韶关市,440200,11.1040002627
6192,20171215,广东省,440000,韶关市,440200,9.79732603905
6193,20171216,广东省,440000,韶关市,440200,8.15086919833
6194,20171217,广东省,440000,韶关市,440200,6.36084473439
6195,20171218,广东省,440000,韶关市,440200,7.32196364036
6196,20171219,广东省,440000,韶关市,440200,8.22440446951
6197,20171220,广东省,440000,韶关市,440200,9.22951016059
6198,20171221,广东省,440000,韶关市,440200,10.8120722648
6199,20171222,广东省,440000,韶关市,440200,13.5501487683
6200,20171223,广东省,440000,韶关市,440200,15.2679050152
6201,20171224,广东省,440000,韶关市,440200,14.4354839814
6202,20171225,广东省,440000,韶关市,440200,11.4840271534
6203,20171226,广东省,440000,韶关市,440200,12.7101284418
6204,20171227,广东省,440000,韶关市,440200,14.1414043964
6205,20171228,广东省,440000,韶关市,440200,13.7849733157
6206,20171229,广东省,440000,韶关市,440200,15.9165807382
6207,20171230,广东省,440000,韶关市,440200,13.0297204776
6208,20171231,广东省,440000,韶关市,440200,11.3237774678
6209,20180101,广东省,440000,韶关市,440200,12.5255628488
6210,20180102,广东省,440000,韶关市,440200,15.7201622449
6211,20180103,广东省,440000,韶关市,440200,16.0601687554
6212,20180104,广东省,440000,韶关市,440200,14.8192312045
6213,20180105,广东省,440000,韶关市,440200,8.45219508196
6214,20180106,广东省,440000,韶关市,440200,8.97534476794
6215,20180107,广东省,440000,韶关市,440200,10.0362140949
6216,20180108,广东省,440000,韶关市,440200,5.04901906772
6217,20180109,广东省,440000,韶关市,440200,6.53403450893
6218,20180110,广东省,440000,韶关市,440200,8.06582871462
6219,20180111,广东省,440000,韶关市,440200,8.80950806691
6220,20180112,广东省,440000,韶关市,440200,7.9217873231
6221,20180113,广东省,440000,韶关市,440200,9.87987757952
6222,20180114,广东省,440000,韶关市,440200,10.3774598195
6223,20180115,广东省,440000,韶关市,440200,12.6381609012
6224,20180116,广东省,440000,韶关市,440200,13.6698043285
6225,20180117,广东省,440000,韶关市,440200,14.5620199595
6226,20180118,广东省,440000,韶关市,440200,16.1860141754
6227,20180119,广东省,440000,韶关市,440200,16.3439157926
6228,20180120,广东省,440000,韶关市,440200,15.878859251
6229,20180121,广东省,440000,韶关市,440200,15.8474226242
6230,20180122,广东省,440000,韶关市,440200,13.8521647087
6231,20180123,广东省,440000,韶关市,440200,13.7205246901
6232,20180124,广东省,440000,韶关市,440200,13.6940723199
6233,20180125,广东省,440000,韶关市,440200,12.4811075162
6234,20180126,广东省,440000,韶关市,440200,6.23475664396
6235,20180127,广东省,440000,韶关市,440200,7.20831093727
6236,20180128,广东省,440000,韶关市,440200,3.78680961101
6237,20180129,广东省,440000,韶关市,440200,2.75600672838
6238,20180130,广东省,440000,韶关市,440200,2.9521568194
6239,20180131,广东省,440000,韶关市,440200,2.84028812784
6240,20180201,广东省,440000,韶关市,440200,5.8534101584
6241,20180202,广东省,440000,韶关市,440200,5.740858995
6242,20180203,广东省,440000,韶关市,440200,6.81640634781
6243,20180204,广东省,440000,韶关市,440200,4.67100695769
6244,20180205,广东省,440000,韶关市,440200,5.58633211331
6245,20180206,广东省,440000,韶关市,440200,6.20420734699
6246,20180207,广东省,440000,韶关市,440200,7.15704882451
6247,20180208,广东省,440000,韶关市,440200,10.895710236
6248,20180209,广东省,440000,韶关市,440200,11.2077069405
6249,20180210,广东省,440000,韶关市,440200,10.8580865004
6250,20180211,广东省,440000,韶关市,440200,10.2190689307
6251,20180212,广东省,440000,韶关市,440200,10.231828983
6252,20180213,广东省,440000,韶关市,440200,12.1837667808
6253,20180214,广东省,440000,韶关市,440200,17.2470467396
6254,20180215,广东省,440000,韶关市,440200,17.7892001714
6255,20180216,广东省,440000,韶关市,440200,17.5996314807
6256,20180217,广东省,440000,韶关市,440200,19.0737788861
6257,20180218,广东省,440000,韶关市,440200,20.4122382433
6258,20180219,广东省,440000,韶关市,440200,19.9446610671
6259,20180220,广东省,440000,韶关市,440200,18.3759365571
6260,20180221,广东省,440000,韶关市,440200,11.5955688281
6261,20180222,广东省,440000,韶关市,440200,9.0319964091
6262,20180223,广东省,440000,韶关市,440200,12.4368451192
6263,20180224,广东省,440000,韶关市,440200,14.5255783521
6264,20180225,广东省,440000,韶关市,440200,13.8999989338
6265,20180226,广东省,440000,韶关市,440200,15.284341103
6266,20180227,广东省,440000,韶关市,440200,19.1552533859
6267,20180301,广东省,440000,韶关市,440200,21.8218627343
6268,20180302,广东省,440000,韶关市,440200,22.5239702371
6269,20180303,广东省,440000,韶关市,440200,23.7925080519
6270,20180304,广东省,440000,韶关市,440200,24.1613347469
6271,20180305,广东省,440000,韶关市,440200,19.1058545479
6272,20180306,广东省,440000,韶关市,440200,16.1117694072
6273,20180307,广东省,440000,韶关市,440200,12.0430371089
6274,20180308,广东省,440000,韶关市,440200,9.22939157486
6275,20180309,广东省,440000,韶关市,440200,11.2657406391
6276,20180310,广东省,440000,韶关市,440200,14.1512793761
6277,20180311,广东省,440000,韶关市,440200,16.3605924753
6278,20180312,广东省,440000,韶关市,440200,18.9728979942
6279,20180313,广东省,440000,韶关市,440200,20.0851158729
6280,20180314,广东省,440000,韶关市,440200,20.2643787188
6281,20180315,广东省,440000,韶关市,440200,19.650787647
6282,20180316,广东省,440000,韶关市,440200,20.9109956301
6283,20180317,广东省,440000,韶关市,440200,18.951103993
6284,20180318,广东省,440000,韶关市,440200,20.2653304614
6285,20180319,广东省,440000,韶关市,440200,15.9499715414
6286,20180320,广东省,440000,韶关市,440200,12.5295338997
6287,20180321,广东省,440000,韶关市,440200,13.9633086278
6288,20180322,广东省,440000,韶关市,440200,15.7414499919
6289,20180323,广东省,440000,韶关市,440200,18.9407922794
6290,20180324,广东省,440000,韶关市,440200,18.9691493695
6291,20180325,广东省,440000,韶关市,440200,17.7046172313
6292,20180326,广东省,440000,韶关市,440200,17.6022962668
6293,20180327,广东省,440000,韶关市,440200,19.2368880052
6294,20180328,广东省,440000,韶关市,440200,21.4475797017
6295,20180329,广东省,440000,韶关市,440200,20.3984370109
6296,20180330,广东省,440000,韶关市,440200,20.9212298271
6297,20180331,广东省,440000,韶关市,440200,22.2636470306
6298,20180401,广东省,440000,韶关市,440200,23.3446581425
6299,20180402,广东省,440000,韶关市,440200,24.8898802048
6300,20180403,广东省,440000,韶关市,440200,24.7494846246
6301,20180404,广东省,440000,韶关市,440200,24.790479171
6302,20180405,广东省,440000,韶关市,440200,22.1504006997
6303,20180406,广东省,440000,韶关市,440200,12.8115994625
6304,20180407,广东省,440000,韶关市,440200,14.1075628232
6305,20180408,广东省,440000,韶关市,440200,16.8801133082
6306,20180409,广东省,440000,韶关市,440200,21.0552920806
6307,20180410,广东省,440000,韶关市,440200,22.0308527824
6308,20180411,广东省,440000,韶关市,440200,23.6260238061
6309,20180412,广东省,440000,韶关市,440200,24.0846400139
6310,20180413,广东省,440000,韶关市,440200,23.7257812207
6311,20180414,广东省,440000,韶关市,440200,17.6503315461
6312,20180415,广东省,440000,韶关市,440200,15.0941689809
6313,20180416,广东省,440000,韶关市,440200,14.615981371
6314,20180417,广东省,440000,韶关市,440200,18.802487838
6315,20180418,广东省,440000,韶关市,440200,21.6100102449
6316,20180419,广东省,440000,韶关市,440200,23.111630073
6317,20180420,广东省,440000,韶关市,440200,22.5829502008
6318,20180421,广东省,440000,韶关市,440200,24.0807183584
6319,20180422,广东省,440000,韶关市,440200,24.5199814821
6320,20180423,广东省,440000,韶关市,440200,22.8037069761
6321,20180424,广东省,440000,韶关市,440200,20.3969405248
6322,20180425,广东省,440000,韶关市,440200,21.0735128843
6323,20180426,广东省,440000,韶关市,440200,20.2856165568
6324,20180427,广东省,440000,韶关市,440200,21.6087723267
6325,20180428,广东省,440000,韶关市,440200,22.5478735215
6326,20180429,广东省,440000,韶关市,440200,23.5343991793
6327,20180430,广东省,440000,韶关市,440200,24.1017617446
6328,20180501,广东省,440000,韶关市,440200,25.7956132644
6329,20180502,广东省,440000,韶关市,440200,25.061905543
6330,20180503,广东省,440000,韶关市,440200,23.3164253235
6331,20180504,广东省,440000,韶关市,440200,21.9883613097
6332,20180505,广东省,440000,韶关市,440200,26.1217287993
6333,20180506,广东省,440000,韶关市,440200,26.7548477955
6334,20180507,广东省,440000,韶关市,440200,23.2320857415
6335,20180508,广东省,440000,韶关市,440200,23.8182786306
6336,20180509,广东省,440000,韶关市,440200,20.8399173541
6337,20180510,广东省,440000,韶关市,440200,21.0442387997
6338,20180511,广东省,440000,韶关市,440200,23.8562382918
6339,20180512,广东省,440000,韶关市,440200,25.5477686662
6340,20180513,广东省,440000,韶关市,440200,26.6236293499
6341,20180514,广东省,440000,韶关市,440200,28.4720575382
6342,20180515,广东省,440000,韶关市,440200,28.9390706771
6343,20180516,广东省,440000,韶关市,440200,28.6632974087
6344,20180517,广东省,440000,韶关市,440200,29.2369643969
6345,20180518,广东省,440000,韶关市,440200,29.7953085777
6346,20180519,广东省,440000,韶关市,440200,30.0435767052
6347,20180520,广东省,440000,韶关市,440200,29.8822177496
6348,20180521,广东省,440000,韶关市,440200,29.6275442075
6349,20180522,广东省,440000,韶关市,440200,29.2455480527
6350,20180523,广东省,440000,韶关市,440200,27.7327861297
6351,20180524,广东省,440000,韶关市,440200,29.5859440045
6352,20180525,广东省,440000,韶关市,440200,30.3601558392
6353,20180526,广东省,440000,韶关市,440200,30.4993013235
6354,20180527,广东省,440000,韶关市,440200,26.8738601391
6355,20180528,广东省,440000,韶关市,440200,28.2855869195
6356,20180529,广东省,440000,韶关市,440200,29.2762497144
6357,20180530,广东省,440000,韶关市,440200,29.5355325846
6358,20180531,广东省,440000,韶关市,440200,28.1362614754
6359,20180601,广东省,440000,韶关市,440200,25.6601224557
6360,20180602,广东省,440000,韶关市,440200,25.8390694154
6361,20180603,广东省,440000,韶关市,440200,26.2933620062
6362,20180604,广东省,440000,韶关市,440200,27.1623243185
6363,20180605,广东省,440000,韶关市,440200,24.2483264727
6364,20180606,广东省,440000,韶关市,440200,24.3704583584
6365,20180607,广东省,440000,韶关市,440200,24.7089004028
6366,20180608,广东省,440000,韶关市,440200,24.3139580947
6367,20180609,广东省,440000,韶关市,440200,25.136474267
6368,20180610,广东省,440000,韶关市,440200,26.6998203962
6369,20180611,广东省,440000,韶关市,440200,27.0258626204
6370,20180612,广东省,440000,韶关市,440200,23.0473030286
6371,20180613,广东省,440000,韶关市,440200,22.2426472199
6372,20180614,广东省,440000,韶关市,440200,24.1216863485
6373,20180615,广东省,440000,韶关市,440200,26.4461511465
6374,20180616,广东省,440000,韶关市,440200,26.7140975854
6375,20180617,广东省,440000,韶关市,440200,28.4112600669
6376,20180618,广东省,440000,韶关市,440200,29.7174655719
6377,20180619,广东省,440000,韶关市,440200,29.6246694907
6378,20180620,广东省,440000,韶关市,440200,29.5131950378
6379,20180621,广东省,440000,韶关市,440200,27.1677344885
6380,20180622,广东省,440000,韶关市,440200,26.3348796551
6381,20180623,广东省,440000,韶关市,440200,26.6592435592
6382,20180624,广东省,440000,韶关市,440200,28.253998194
6383,20180625,广东省,440000,韶关市,440200,27.3939091609
6384,20180626,广东省,440000,韶关市,440200,28.2926510542
6385,20180627,广东省,440000,韶关市,440200,29.5594523503
6386,20180628,广东省,440000,韶关市,440200,29.752111924
6387,20180629,广东省,440000,韶关市,440200,30.0817096906
6388,20180630,广东省,440000,韶关市,440200,30.1053107824
6389,20180701,广东省,440000,韶关市,440200,29.8617813404
6390,20180702,广东省,440000,韶关市,440200,28.7101444342
6391,20180703,广东省,440000,韶关市,440200,29.3272196941
6392,20180704,广东省,440000,韶关市,440200,30.5820646531
6393,20180705,广东省,440000,韶关市,440200,29.8220453507
6394,20180706,广东省,440000,韶关市,440200,28.7554975167
6395,20180707,广东省,440000,韶关市,440200,25.6067933792
6396,20180708,广东省,440000,韶关市,440200,27.0787201417
6397,20180709,广东省,440000,韶关市,440200,27.7487818889
6398,20180710,广东省,440000,韶关市,440200,29.2960058848
6399,20180711,广东省,440000,韶关市,440200,30.7001667023
6400,20180712,广东省,440000,韶关市,440200,27.8502231011
6401,20180713,广东省,440000,韶关市,440200,27.2067083212
6402,20180714,广东省,440000,韶关市,440200,27.641720405
6403,20180715,广东省,440000,韶关市,440200,27.6395192269
6404,20180716,广东省,440000,韶关市,440200,28.6935921693
6405,20180717,广东省,440000,韶关市,440200,30.2254576072
6406,20180718,广东省,440000,韶关市,440200,30.0277964763
6407,20180719,广东省,440000,韶关市,440200,30.0907220107
6408,20180720,广东省,440000,韶关市,440200,30.0614114908
6409,20180721,广东省,440000,韶关市,440200,29.1075633122
6410,20180722,广东省,440000,韶关市,440200,27.713685158
6411,20180723,广东省,440000,韶关市,440200,28.8894339341
6412,20180724,广东省,440000,韶关市,440200,28.0858351879
6413,20180725,广东省,440000,韶关市,440200,28.4031379895
6414,20180726,广东省,440000,韶关市,440200,28.5093863561
6415,20180727,广东省,440000,韶关市,440200,29.5038287823
6416,20180728,广东省,440000,韶关市,440200,30.0137592707
6417,20180729,广东省,440000,韶关市,440200,30.1550763448
6418,20180730,广东省,440000,韶关市,440200,29.8319086906
6419,20180731,广东省,440000,韶关市,440200,30.0432769091
6420,20180801,广东省,440000,韶关市,440200,29.7101484445
6421,20180802,广东省,440000,韶关市,440200,27.8804244506
6422,20180803,广东省,440000,韶关市,440200,26.6012058747
6423,20180804,广东省,440000,韶关市,440200,28.3521311833
6424,20180805,广东省,440000,韶关市,440200,27.2774820083
6425,20180806,广东省,440000,韶关市,440200,27.4737877968
6426,20180807,广东省,440000,韶关市,440200,27.326179211
6427,20180808,广东省,440000,韶关市,440200,28.6477421981
6428,20180809,广东省,440000,韶关市,440200,28.7721649072
6429,20180810,广东省,440000,韶关市,440200,28.1314388177
6430,20180811,广东省,440000,韶关市,440200,27.8632228069
6431,20180812,广东省,440000,韶关市,440200,29.151701218
6432,20180813,广东省,440000,韶关市,440200,29.930400506
6433,20180814,广东省,440000,韶关市,440200,29.1736194904
6434,20180815,广东省,440000,韶关市,440200,28.7016311548
6435,20180816,广东省,440000,韶关市,440200,27.6949603741
6436,20180817,广东省,440000,韶关市,440200,27.6530645322
6437,20180818,广东省,440000,韶关市,440200,27.6245387151
6438,20180819,广东省,440000,韶关市,440200,28.7635262807
6439,20180820,广东省,440000,韶关市,440200,27.6389103914
6440,20180821,广东省,440000,韶关市,440200,28.6676320296
6441,20180822,广东省,440000,韶关市,440200,28.5622564463
6442,20180823,广东省,440000,韶关市,440200,28.8563979222
6443,20180824,广东省,440000,韶关市,440200,28.9559435722
6444,20180825,广东省,440000,韶关市,440200,29.036882694
6445,20180826,广东省,440000,韶关市,440200,25.0795603043
6446,20180827,广东省,440000,韶关市,440200,26.5752875988
6447,20180828,广东省,440000,韶关市,440200,26.0159649482
6448,20180829,广东省,440000,韶关市,440200,26.1935196412
6449,20180830,广东省,440000,韶关市,440200,25.6086847843
6450,20180831,广东省,440000,韶关市,440200,25.129187266
6451,20180901,广东省,440000,韶关市,440200,25.0285339845
6452,20180902,广东省,440000,韶关市,440200,27.1296517788
6453,20180903,广东省,440000,韶关市,440200,28.3411550766
6454,20180904,广东省,440000,韶关市,440200,29.2017660386
6455,20180905,广东省,440000,韶关市,440200,28.457448079
6456,20180906,广东省,440000,韶关市,440200,28.2424637232
6457,20180907,广东省,440000,韶关市,440200,24.8548684732
6458,20180908,广东省,440000,韶关市,440200,24.4505110032
6459,20180909,广东省,440000,韶关市,440200,25.1103127797
6460,20180910,广东省,440000,韶关市,440200,25.460951585
6461,20180911,广东省,440000,韶关市,440200,26.0557993375
6462,20180912,广东省,440000,韶关市,440200,25.615310131
6463,20180913,广东省,440000,韶关市,440200,27.3543902177
6464,20180914,广东省,440000,韶关市,440200,29.0369081253
6465,20180915,广东省,440000,韶关市,440200,31.3513286297
6466,20180916,广东省,440000,韶关市,440200,26.105035733
6467,20180917,广东省,440000,韶关市,440200,27.0370081877
6468,20180918,广东省,440000,韶关市,440200,26.426811903
6469,20180919,广东省,440000,韶关市,440200,28.3949665167
6470,20180920,广东省,440000,韶关市,440200,28.6158248217
6471,20180921,广东省,440000,韶关市,440200,28.1198451702
6472,20180922,广东省,440000,韶关市,440200,26.9836758834
6473,20180923,广东省,440000,韶关市,440200,25.9816719446
6474,20180924,广东省,440000,韶关市,440200,25.5559759385
6475,20180925,广东省,440000,韶关市,440200,26.4513185941
6476,20180926,广东省,440000,韶关市,440200,26.0960824428
6477,20180927,广东省,440000,韶关市,440200,23.7378860376
6478,20180928,广东省,440000,韶关市,440200,22.1820824941
6479,20180929,广东省,440000,韶关市,440200,23.3792899694
6480,20180930,广东省,440000,韶关市,440200,23.1078698085
6481,20181001,广东省,440000,韶关市,440200,23.194898263
6482,20181002,广东省,440000,韶关市,440200,22.7001600999
6483,20181003,广东省,440000,韶关市,440200,22.5664180364
6484,20181004,广东省,440000,韶关市,440200,22.6979219975
6485,20181005,广东省,440000,韶关市,440200,21.8499407157
6486,20181006,广东省,440000,韶关市,440200,21.6839271937
6487,20181007,广东省,440000,韶关市,440200,22.6005712656
6488,20181008,广东省,440000,韶关市,440200,23.5294008989
6489,20181009,广东省,440000,韶关市,440200,23.9237477229
6490,20181010,广东省,440000,韶关市,440200,18.3063597312
6491,20181011,广东省,440000,韶关市,440200,18.1493578202
6492,20181012,广东省,440000,韶关市,440200,19.9259739411
6493,20181013,广东省,440000,韶关市,440200,20.3827396295
6494,20181014,广东省,440000,韶关市,440200,20.3952104373
6495,20181015,广东省,440000,韶关市,440200,18.406282645
6496,20181016,广东省,440000,韶关市,440200,18.4959065608
6497,20181017,广东省,440000,韶关市,440200,19.0750663464
6498,20181018,广东省,440000,韶关市,440200,20.0405670068
6499,20181019,广东省,440000,韶关市,440200,19.5749740112
6500,20181020,广东省,440000,韶关市,440200,21.1168279403
6501,20181021,广东省,440000,韶关市,440200,22.0439683963
6502,20181022,广东省,440000,韶关市,440200,20.1495538125
6503,20181023,广东省,440000,韶关市,440200,19.1973002507
6504,20181024,广东省,440000,韶关市,440200,20.0070955814
6505,20181025,广东省,440000,韶关市,440200,22.6683902251
6506,20181026,广东省,440000,韶关市,440200,22.2956095475
6507,20181027,广东省,440000,韶关市,440200,19.8306728265
6508,20181028,广东省,440000,韶关市,440200,19.0564265129
6509,20181029,广东省,440000,韶关市,440200,19.4626521086
6510,20181030,广东省,440000,韶关市,440200,20.3336279942
6511,20181031,广东省,440000,韶关市,440200,20.7297444955
6512,20181101,广东省,440000,韶关市,440200,20.3457493904
6513,20181102,广东省,440000,韶关市,440200,16.8729496002
6514,20181103,广东省,440000,韶关市,440200,19.0416587438
6515,20181104,广东省,440000,韶关市,440200,20.8875647325
6516,20181105,广东省,440000,韶关市,440200,22.3022057949
6517,20181106,广东省,440000,韶关市,440200,21.8087453109
6518,20181107,广东省,440000,韶关市,440200,18.4018809979
6519,20181108,广东省,440000,韶关市,440200,16.8939756491
6520,20181109,广东省,440000,韶关市,440200,19.4681846912
6521,20181110,广东省,440000,韶关市,440200,21.4771452684
6522,20181111,广东省,440000,韶关市,440200,21.9665940847
6523,20181112,广东省,440000,韶关市,440200,18.3038657506
6524,20181113,广东省,440000,韶关市,440200,18.7887732677
6525,20181114,广东省,440000,韶关市,440200,20.7514750163
6526,20181115,广东省,440000,韶关市,440200,19.6440930489
6527,20181116,广东省,440000,韶关市,440200,16.6656031242
6528,20181117,广东省,440000,韶关市,440200,16.7700890517
6529,20181118,广东省,440000,韶关市,440200,15.0532934238
6530,20181119,广东省,440000,韶关市,440200,14.7154038747
6531,20181120,广东省,440000,韶关市,440200,14.8958055301
6532,20181121,广东省,440000,韶关市,440200,14.6981896131
6533,20181122,广东省,440000,韶关市,440200,14.2293569858
6534,20181123,广东省,440000,韶关市,440200,14.1962225254
6535,20181124,广东省,440000,韶关市,440200,15.989901885
6536,20181125,广东省,440000,韶关市,440200,17.016466263
6537,20181126,广东省,440000,韶关市,440200,16.8301983613
6538,20181127,广东省,440000,韶关市,440200,17.5912915988
6539,20181128,广东省,440000,韶关市,440200,16.2262718739
6540,20181129,广东省,440000,韶关市,440200,16.0788970116
6541,20181130,广东省,440000,韶关市,440200,18.0059673114
6542,20181201,广东省,440000,韶关市,440200,17.901490725
6543,20181202,广东省,440000,韶关市,440200,20.4186932979
6544,20181203,广东省,440000,韶关市,440200,20.7802143097
6545,20181204,广东省,440000,韶关市,440200,19.2298044303
6546,20181205,广东省,440000,韶关市,440200,18.3692513246
6547,20181206,广东省,440000,韶关市,440200,15.4691348687
6548,20181207,广东省,440000,韶关市,440200,9.59558791381
6549,20181208,广东省,440000,韶关市,440200,7.41293358803
6550,20181209,广东省,440000,韶关市,440200,5.97224439107
6551,20181210,广东省,440000,韶关市,440200,8.13074808854
6552,20181211,广东省,440000,韶关市,440200,6.98295431871
6553,20181212,广东省,440000,韶关市,440200,6.44088240159
6554,20181213,广东省,440000,韶关市,440200,7.81475657683
6555,20181214,广东省,440000,韶关市,440200,9.43097826151
6556,20181215,广东省,440000,韶关市,440200,11.7134638199
6557,20181216,广东省,440000,韶关市,440200,10.5712816532
6558,20181217,广东省,440000,韶关市,440200,10.4730169345
6559,20181218,广东省,440000,韶关市,440200,12.1428234638
6560,20181219,广东省,440000,韶关市,440200,15.0427539287
6561,20181220,广东省,440000,韶关市,440200,16.4312307896
6562,20181221,广东省,440000,韶关市,440200,18.2214588508
6563,20181222,广东省,440000,韶关市,440200,18.9372170522
6564,20181223,广东省,440000,韶关市,440200,14.20505487
6565,20181224,广东省,440000,韶关市,440200,12.9587601882
6566,20181225,广东省,440000,韶关市,440200,14.2616058252
6567,20181226,广东省,440000,韶关市,440200,14.5865804232
6568,20181227,广东省,440000,韶关市,440200,12.0527065228
6569,20181228,广东省,440000,韶关市,440200,8.35812451289
6570,20181229,广东省,440000,韶关市,440200,4.87474427793
6571,20181230,广东省,440000,韶关市,440200,3.39385821728
6572,20181231,广东省,440000,韶关市,440200,3.83158194656
6573,20190101,广东省,440000,韶关市,440200,4.81125370814
6574,20190102,广东省,440000,韶关市,440200,5.60855162449
6575,20190103,广东省,440000,韶关市,440200,9.13295178536
6576,20190104,广东省,440000,韶关市,440200,10.3126995258
6577,20190105,广东省,440000,韶关市,440200,9.48058272631
6578,20190106,广东省,440000,韶关市,440200,10.3781903218
6579,20190107,广东省,440000,韶关市,440200,10.5821627348
6580,20190108,广东省,440000,韶关市,440200,9.03616258426
6581,20190109,广东省,440000,韶关市,440200,9.77279592172
6582,20190110,广东省,440000,韶关市,440200,10.6904798777
6583,20190111,广东省,440000,韶关市,440200,11.5496688378
6584,20190112,广东省,440000,韶关市,440200,12.4993423682
6585,20190113,广东省,440000,韶关市,440200,12.4592370742
6586,20190114,广东省,440000,韶关市,440200,13.7858429933
6587,20190115,广东省,440000,韶关市,440200,10.6861818631
6588,20190116,广东省,440000,韶关市,440200,8.74863251662
6589,20190117,广东省,440000,韶关市,440200,8.62964856319
6590,20190118,广东省,440000,韶关市,440200,10.5672045488
6591,20190119,广东省,440000,韶关市,440200,13.2147323413
6592,20190120,广东省,440000,韶关市,440200,10.6907500732
6593,20190121,广东省,440000,韶关市,440200,9.04966067045
6594,20190122,广东省,440000,韶关市,440200,8.93747784541
6595,20190123,广东省,440000,韶关市,440200,10.2444690558
6596,20190124,广东省,440000,韶关市,440200,13.2189143988
6597,20190125,广东省,440000,韶关市,440200,15.7568512941
6598,20190126,广东省,440000,韶关市,440200,12.6526212692
6599,20190127,广东省,440000,韶关市,440200,12.60631395
6600,20190128,广东省,440000,韶关市,440200,14.6232842176
6601,20190129,广东省,440000,韶关市,440200,16.0943821883
6602,20190130,广东省,440000,韶关市,440200,18.8857200329
6603,20190131,广东省,440000,韶关市,440200,13.7623393352
6604,20190201,广东省,440000,韶关市,440200,11.1519441727
6605,20190202,广东省,440000,韶关市,440200,16.9960006323
6606,20190203,广东省,440000,韶关市,440200,19.1832721906
6607,20190204,广东省,440000,韶关市,440200,17.4736630122
6608,20190205,广东省,440000,韶关市,440200,17.5761661774
6609,20190206,广东省,440000,韶关市,440200,22.1376299247
6610,20190207,广东省,440000,韶关市,440200,20.8334289453
6611,20190208,广东省,440000,韶关市,440200,16.1529505069
6612,20190209,广东省,440000,韶关市,440200,9.07422896532
6613,20190210,广东省,440000,韶关市,440200,7.25390120653
6614,20190211,广东省,440000,韶关市,440200,7.98751411683
6615,20190212,广东省,440000,韶关市,440200,13.4294387989
6616,20190213,广东省,440000,韶关市,440200,14.7182624523
6617,20190214,广东省,440000,韶关市,440200,13.2582252576
6618,20190215,广东省,440000,韶关市,440200,14.1255977704
6619,20190216,广东省,440000,韶关市,440200,10.6789734669
6620,20190217,广东省,440000,韶关市,440200,8.47600078583
6621,20190218,广东省,440000,韶关市,440200,9.88839707008
6622,20190219,广东省,440000,韶关市,440200,12.344423343
6623,20190220,广东省,440000,韶关市,440200,15.2992895322
6624,20190221,广东省,440000,韶关市,440200,10.0764719156
6625,20190222,广东省,440000,韶关市,440200,9.73796778459
6626,20190223,广东省,440000,韶关市,440200,7.29320364732
6627,20190224,广东省,440000,韶关市,440200,9.29954564266
6628,20190225,广东省,440000,韶关市,440200,9.76743821609
6629,20190226,广东省,440000,韶关市,440200,11.4299145723
6630,20190227,广东省,440000,韶关市,440200,13.2949686784
6631,20190228,广东省,440000,韶关市,440200,11.7408754398
6632,20190301,广东省,440000,韶关市,440200,14.7621591519
6633,20190302,广东省,440000,韶关市,440200,16.3800558677
6634,20190303,广东省,440000,韶关市,440200,13.9196104147
6635,20190304,广东省,440000,韶关市,440200,15.8489278402
6636,20190305,广东省,440000,韶关市,440200,15.5118192037
6637,20190306,广东省,440000,韶关市,440200,13.2501065914
6638,20190307,广东省,440000,韶关市,440200,11.4093519602
6639,20190308,广东省,440000,韶关市,440200,11.5696915358
6640,20190309,广东省,440000,韶关市,440200,12.0679448201
6641,20190310,广东省,440000,韶关市,440200,12.6979900507
6642,20190311,广东省,440000,韶关市,440200,15.6334320949
6643,20190312,广东省,440000,韶关市,440200,17.3216328743
6644,20190313,广东省,440000,韶关市,440200,19.2550407312
6645,20190314,广东省,440000,韶关市,440200,15.4170813683
6646,20190315,广东省,440000,韶关市,440200,15.585527469
6647,20190316,广东省,440000,韶关市,440200,15.9469038645
6648,20190317,广东省,440000,韶关市,440200,15.1671117636
6649,20190318,广东省,440000,韶关市,440200,15.8438070982
6650,20190319,广东省,440000,韶关市,440200,21.4884673877
6651,20190320,广东省,440000,韶关市,440200,23.0633251973
6652,20190321,广东省,440000,韶关市,440200,24.2303046691
6653,20190322,广东省,440000,韶关市,440200,16.104137225
6654,20190323,广东省,440000,韶关市,440200,11.0643616456
6655,20190324,广东省,440000,韶关市,440200,11.5160665757
6656,20190325,广东省,440000,韶关市,440200,16.5877832755
6657,20190326,广东省,440000,韶关市,440200,19.7203849401
6658,20190327,广东省,440000,韶关市,440200,22.3731168111
6659,20190328,广东省,440000,韶关市,440200,22.3879395509
6660,20190329,广东省,440000,韶关市,440200,18.9742503533
6661,20190330,广东省,440000,韶关市,440200,21.7439344846
6662,20190331,广东省,440000,韶关市,440200,16.4774889824
6663,20190401,广东省,440000,韶关市,440200,14.9359674209
6664,20190402,广东省,440000,韶关市,440200,18.7423470815
6665,20190403,广东省,440000,韶关市,440200,17.7877834027
6666,20190404,广东省,440000,韶关市,440200,16.1209095686
6667,20190405,广东省,440000,韶关市,440200,20.1271052727
6668,20190406,广东省,440000,韶关市,440200,22.8127481999
6669,20190407,广东省,440000,韶关市,440200,24.799530176
6670,20190408,广东省,440000,韶关市,440200,26.3111591339
6671,20190409,广东省,440000,韶关市,440200,26.1963432997
6672,20190410,广东省,440000,韶关市,440200,22.3937471585
6673,20190411,广东省,440000,韶关市,440200,16.1889632298
6674,20190412,广东省,440000,韶关市,440200,15.3713112367
6675,20190413,广东省,440000,韶关市,440200,17.9428230677
6676,20190414,广东省,440000,韶关市,440200,19.1579210819
6677,20190415,广东省,440000,韶关市,440200,17.5435020251
6678,20190416,广东省,440000,韶关市,440200,19.1415387667
6679,20190417,广东省,440000,韶关市,440200,22.7340926146
6680,20190418,广东省,440000,韶关市,440200,21.522682679
6681,20190419,广东省,440000,韶关市,440200,21.6967677581
6682,20190420,广东省,440000,韶关市,440200,22.713850217
6683,20190421,广东省,440000,韶关市,440200,23.7627006433
6684,20190422,广东省,440000,韶关市,440200,22.2891952808
6685,20190423,广东省,440000,韶关市,440200,24.1927514198
6686,20190424,广东省,440000,韶关市,440200,26.8253363096
6687,20190425,广东省,440000,韶关市,440200,25.9497023362
6688,20190426,广东省,440000,韶关市,440200,23.1506071824
6689,20190427,广东省,440000,韶关市,440200,21.015126155
6690,20190428,广东省,440000,韶关市,440200,23.2049606519
6691,20190429,广东省,440000,韶关市,440200,23.7281015836
6692,20190430,广东省,440000,韶关市,440200,19.271158145
6693,20190501,广东省,440000,韶关市,440200,19.8880231319
6694,20190502,广东省,440000,韶关市,440200,18.8486157931
6695,20190503,广东省,440000,韶关市,440200,21.9412452013
6696,20190504,广东省,440000,韶关市,440200,20.2541685349
6697,20190505,广东省,440000,韶关市,440200,18.1502346137
6698,20190506,广东省,440000,韶关市,440200,18.2265855349
6699,20190507,广东省,440000,韶关市,440200,18.57124177
6700,20190508,广东省,440000,韶关市,440200,18.1913045492
6701,20190509,广东省,440000,韶关市,440200,21.046899551
6702,20190510,广东省,440000,韶关市,440200,23.816989752
6703,20190511,广东省,440000,韶关市,440200,25.4766276433
6704,20190512,广东省,440000,韶关市,440200,26.6507696494
6705,20190513,广东省,440000,韶关市,440200,26.8245596274
6706,20190514,广东省,440000,韶关市,440200,27.1116339855
6707,20190515,广东省,440000,韶关市,440200,27.6533309252
6708,20190516,广东省,440000,韶关市,440200,28.5965829996
6709,20190517,广东省,440000,韶关市,440200,27.6218324808
6710,20190518,广东省,440000,韶关市,440200,29.0481881851
6711,20190519,广东省,440000,韶关市,440200,28.496802599
6712,20190520,广东省,440000,韶关市,440200,23.1985718165
6713,20190521,广东省,440000,韶关市,440200,23.0882373223
6714,20190522,广东省,440000,韶关市,440200,22.0221208426
6715,20190523,广东省,440000,韶关市,440200,23.5456873087
6716,20190524,广东省,440000,韶关市,440200,24.8315686446
6717,20190525,广东省,440000,韶关市,440200,25.4331568204
6718,20190526,广东省,440000,韶关市,440200,26.1773679684
6719,20190527,广东省,440000,韶关市,440200,25.6784538856
6720,20190528,广东省,440000,韶关市,440200,24.0492519966
6721,20190529,广东省,440000,韶关市,440200,23.5290465233
6722,20190530,广东省,440000,韶关市,440200,23.7185256665
6723,20190531,广东省,440000,韶关市,440200,24.6741003868
6724,20190601,广东省,440000,韶关市,440200,24.4187434759
6725,20190602,广东省,440000,韶关市,440200,24.3961774875
6726,20190603,广东省,440000,韶关市,440200,27.043353203
6727,20190604,广东省,440000,韶关市,440200,27.9342197516
6728,20190605,广东省,440000,韶关市,440200,26.0030354231
6729,20190606,广东省,440000,韶关市,440200,27.3674802536
6730,20190607,广东省,440000,韶关市,440200,27.7564157339
6731,20190608,广东省,440000,韶关市,440200,28.7321798373
6732,20190609,广东省,440000,韶关市,440200,26.9697565421
6733,20190610,广东省,440000,韶关市,440200,25.5044844212
6734,20190611,广东省,440000,韶关市,440200,26.140376898
6735,20190612,广东省,440000,韶关市,440200,25.5975384834
6736,20190613,广东省,440000,韶关市,440200,24.1159187219
6737,20190614,广东省,440000,韶关市,440200,25.1054908557
6738,20190615,广东省,440000,韶关市,440200,26.3759881044
6739,20190616,广东省,440000,韶关市,440200,26.995880127
6740,20190617,广东省,440000,韶关市,440200,28.3247857705
6741,20190618,广东省,440000,韶关市,440200,27.7814097282
6742,20190619,广东省,440000,韶关市,440200,29.3493211208
6743,20190620,广东省,440000,韶关市,440200,29.4436705174
6744,20190621,广东省,440000,韶关市,440200,30.4146958865
6745,20190622,广东省,440000,韶关市,440200,30.2471686143
6746,20190623,广东省,440000,韶关市,440200,25.251043173
6747,20190624,广东省,440000,韶关市,440200,24.74510545
6748,20190625,广东省,440000,韶关市,440200,26.4749623323
6749,20190626,广东省,440000,韶关市,440200,27.9504100604
6750,20190627,广东省,440000,韶关市,440200,29.6449285654
6751,20190628,广东省,440000,韶关市,440200,30.8608648838
6752,20190629,广东省,440000,韶关市,440200,30.729809003
6753,20190630,广东省,440000,韶关市,440200,30.236781536
6754,20190701,广东省,440000,韶关市,440200,29.037093725
6755,20190702,广东省,440000,韶关市,440200,28.4602431762
6756,20190703,广东省,440000,韶关市,440200,26.9785963205
6757,20190704,广东省,440000,韶关市,440200,28.3206754831
6758,20190705,广东省,440000,韶关市,440200,28.7741627815
6759,20190706,广东省,440000,韶关市,440200,28.5826723637
6760,20190707,广东省,440000,韶关市,440200,28.1028622358
6761,20190708,广东省,440000,韶关市,440200,27.8328989469
6762,20190709,广东省,440000,韶关市,440200,26.2882749117
6763,20190710,广东省,440000,韶关市,440200,24.7575917855
6764,20190711,广东省,440000,韶关市,440200,26.1759829888
6765,20190712,广东省,440000,韶关市,440200,27.6678754366
6766,20190713,广东省,440000,韶关市,440200,27.3758552747
6767,20190714,广东省,440000,韶关市,440200,27.7999614324
6768,20190715,广东省,440000,韶关市,440200,29.1134083088
6769,20190716,广东省,440000,韶关市,440200,29.8276814681
6770,20190717,广东省,440000,韶关市,440200,30.695713141
6771,20190718,广东省,440000,韶关市,440200,30.0406343998
6772,20190719,广东省,440000,韶关市,440200,28.3614656497
6773,20190720,广东省,440000,韶关市,440200,28.1266607627
6774,20190721,广东省,440000,韶关市,440200,28.4892924382
6775,20190722,广东省,440000,韶关市,440200,27.8758115524
6776,20190723,广东省,440000,韶关市,440200,26.9439393557
6777,20190724,广东省,440000,韶关市,440200,28.2363410852
6778,20190725,广东省,440000,韶关市,440200,29.7217028202
6779,20190726,广东省,440000,韶关市,440200,30.2537419246
6780,20190727,广东省,440000,韶关市,440200,30.5746508378
6781,20190728,广东省,440000,韶关市,440200,27.9451648517
6782,20190729,广东省,440000,韶关市,440200,28.2124745296
6783,20190730,广东省,440000,韶关市,440200,28.1090945708
6784,20190731,广东省,440000,韶关市,440200,28.9117375398
6785,20190801,广东省,440000,韶关市,440200,26.8783130157
6786,20190802,广东省,440000,韶关市,440200,26.9806445195
6787,20190803,广东省,440000,韶关市,440200,26.5166228857
6788,20190804,广东省,440000,韶关市,440200,28.5675130991
6789,20190805,广东省,440000,韶关市,440200,29.3319641994
6790,20190806,广东省,440000,韶关市,440200,29.513297839
6791,20190807,广东省,440000,韶关市,440200,28.7908862676
6792,20190808,广东省,440000,韶关市,440200,30.1824369186
6793,20190809,广东省,440000,韶关市,440200,30.676238329
6794,20190810,广东省,440000,韶关市,440200,30.6402358031
6795,20190811,广东省,440000,韶关市,440200,28.9664332561
6796,20190812,广东省,440000,韶关市,440200,29.3073403285
6797,20190813,广东省,440000,韶关市,440200,28.5518470177
6798,20190814,广东省,440000,韶关市,440200,28.6702630948
6799,20190815,广东省,440000,韶关市,440200,28.0753933344
6800,20190816,广东省,440000,韶关市,440200,28.0435845791
6801,20190817,广东省,440000,韶关市,440200,28.1397459568
6802,20190818,广东省,440000,韶关市,440200,28.4181111654
6803,20190819,广东省,440000,韶关市,440200,28.8822702261
6804,20190820,广东省,440000,韶关市,440200,29.2589415037
6805,20190821,广东省,440000,韶关市,440200,28.5187470363
6806,20190822,广东省,440000,韶关市,440200,29.1698728708
6807,20190823,广东省,440000,韶关市,440200,29.2845417903
6808,20190824,广东省,440000,韶关市,440200,31.1452051309
6809,20190825,广东省,440000,韶关市,440200,26.6680361919
6810,20190826,广东省,440000,韶关市,440200,26.1851055439
6811,20190827,广东省,440000,韶关市,440200,28.1175618783
6812,20190828,广东省,440000,韶关市,440200,30.1613000234
6813,20190829,广东省,440000,韶关市,440200,28.3044593518
6814,20190830,广东省,440000,韶关市,440200,25.5362205994
6815,20190831,广东省,440000,韶关市,440200,26.2168776683
6816,20190901,广东省,440000,韶关市,440200,26.2203708062
6817,20190902,广东省,440000,韶关市,440200,25.0411756956
6818,20190903,广东省,440000,韶关市,440200,26.6760541476
6819,20190904,广东省,440000,韶关市,440200,27.2059707153
6820,20190905,广东省,440000,韶关市,440200,27.6377243629
6821,20190906,广东省,440000,韶关市,440200,28.0101937025
6822,20190907,广东省,440000,韶关市,440200,28.9891775571
6823,20190908,广东省,440000,韶关市,440200,29.5455849965
6824,20190909,广东省,440000,韶关市,440200,29.1696260403
6825,20190910,广东省,440000,韶关市,440200,29.0578358479
6826,20190911,广东省,440000,韶关市,440200,29.0172403776
6827,20190912,广东省,440000,韶关市,440200,29.2176912748
6828,20190913,广东省,440000,韶关市,440200,29.7430577889
6829,20190914,广东省,440000,韶关市,440200,28.4633640387
6830,20190915,广东省,440000,韶关市,440200,27.9687177218
6831,20190916,广东省,440000,韶关市,440200,28.1399710729
6832,20190917,广东省,440000,韶关市,440200,28.0458883628
6833,20190918,广东省,440000,韶关市,440200,27.646405489
6834,20190919,广东省,440000,韶关市,440200,25.7954402337
6835,20190920,广东省,440000,韶关市,440200,26.130650447
6836,20190921,广东省,440000,韶关市,440200,24.9753240439
6837,20190922,广东省,440000,韶关市,440200,23.7614202255
6838,20190923,广东省,440000,韶关市,440200,23.2758604196
6839,20190924,广东省,440000,韶关市,440200,23.2735520876
6840,20190925,广东省,440000,韶关市,440200,23.5530568636
6841,20190926,广东省,440000,韶关市,440200,23.9088948079
6842,20190927,广东省,440000,韶关市,440200,24.1421722999
6843,20190928,广东省,440000,韶关市,440200,24.6228376046
6844,20190929,广东省,440000,韶关市,440200,25.2880569849
6845,20190930,广东省,440000,韶关市,440200,26.256690441
6846,20191001,广东省,440000,韶关市,440200,27.1230422778
6847,20191002,广东省,440000,韶关市,440200,28.3184037331
6848,20191003,广东省,440000,韶关市,440200,27.3743572235
6849,20191004,广东省,440000,韶关市,440200,26.9151288057
6850,20191005,广东省,440000,韶关市,440200,27.1861578623
6851,20191006,广东省,440000,韶关市,440200,26.2115018796
6852,20191007,广东省,440000,韶关市,440200,25.047545213
6853,20191008,广东省,440000,韶关市,440200,24.4552256266
6854,20191009,广东省,440000,韶关市,440200,25.427068906
6855,20191010,广东省,440000,韶关市,440200,26.6839938531
6856,20191011,广东省,440000,韶关市,440200,27.4323329926
6857,20191012,广东省,440000,韶关市,440200,26.005813941
6858,20191013,广东省,440000,韶关市,440200,23.9312402774
6859,20191014,广东省,440000,韶关市,440200,23.6903332441
6860,20191015,广东省,440000,韶关市,440200,22.5739738269
6861,20191016,广东省,440000,韶关市,440200,21.5905977885
6862,20191017,广东省,440000,韶关市,440200,21.2644237127
6863,20191018,广东省,440000,韶关市,440200,21.4472257174
6864,20191019,广东省,440000,韶关市,440200,21.3025001135
6865,20191020,广东省,440000,韶关市,440200,21.2611831763
6866,20191021,广东省,440000,韶关市,440200,20.9339710138
6867,20191022,广东省,440000,韶关市,440200,22.4701756208
6868,20191023,广东省,440000,韶关市,440200,20.4545094906
6869,20191024,广东省,440000,韶关市,440200,20.2359100733
6870,20191025,广东省,440000,韶关市,440200,22.2751228626
6871,20191026,广东省,440000,韶关市,440200,18.2772628833
6872,20191027,广东省,440000,韶关市,440200,18.3587457706
6873,20191028,广东省,440000,韶关市,440200,16.0157741889
6874,20191029,广东省,440000,韶关市,440200,17.7335458902
6875,20191030,广东省,440000,韶关市,440200,17.9812244024
6876,20191031,广东省,440000,韶关市,440200,20.0881678263
6877,20191101,广东省,440000,韶关市,440200,21.9507698646
6878,20191102,广东省,440000,韶关市,440200,22.5475750948
6879,20191103,广东省,440000,韶关市,440200,21.3398905045
6880,20191104,广东省,440000,韶关市,440200,20.2869141408
6881,20191105,广东省,440000,韶关市,440200,18.6469730475
6882,20191106,广东省,440000,韶关市,440200,19.1018374516
6883,20191107,广东省,440000,韶关市,440200,19.9956934513
6884,20191108,广东省,440000,韶关市,440200,18.1797540127
6885,20191109,广东省,440000,韶关市,440200,17.5479826805
6886,20191110,广东省,440000,韶关市,440200,18.1606672238
6887,20191111,广东省,440000,韶关市,440200,19.5713978303
6888,20191112,广东省,440000,韶关市,440200,20.9682982029
6889,20191113,广东省,440000,韶关市,440200,20.0268177619
6890,20191114,广东省,440000,韶关市,440200,17.5734971609
6891,20191115,广东省,440000,韶关市,440200,18.8021492102
6892,20191116,广东省,440000,韶关市,440200,20.0096305456
6893,20191117,广东省,440000,韶关市,440200,21.0682488466
6894,20191118,广东省,440000,韶关市,440200,14.7035517326
6895,20191119,广东省,440000,韶关市,440200,14.4262562776
6896,20191120,广东省,440000,韶关市,440200,15.467440972
6897,20191121,广东省,440000,韶关市,440200,16.7664087736
6898,20191122,广东省,440000,韶关市,440200,18.1571156917
6899,20191123,广东省,440000,韶关市,440200,18.8656860743
6900,20191124,广东省,440000,韶关市,440200,20.1098903265
6901,20191125,广东省,440000,韶关市,440200,16.0517937831
6902,20191126,广东省,440000,韶关市,440200,15.828798832
6903,20191127,广东省,440000,韶关市,440200,14.6741254758
6904,20191128,广东省,440000,韶关市,440200,11.1439215709
6905,20191129,广东省,440000,韶关市,440200,11.5774309452
6906,20191130,广东省,440000,韶关市,440200,14.5097263287
6907,20191201,广东省,440000,韶关市,440200,12.3371621156
6908,20191202,广东省,440000,韶关市,440200,10.2725112744
6909,20191203,广东省,440000,韶关市,440200,10.9079558055
6910,20191204,广东省,440000,韶关市,440200,12.2566487973
6911,20191205,广东省,440000,韶关市,440200,13.4364044727
6912,20191206,广东省,440000,韶关市,440200,11.5965358294
6913,20191207,广东省,440000,韶关市,440200,10.6065626633
6914,20191208,广东省,440000,韶关市,440200,10.7334420375
6915,20191209,广东省,440000,韶关市,440200,10.7725782883
6916,20191210,广东省,440000,韶关市,440200,12.0577168831
6917,20191211,广东省,440000,韶关市,440200,13.1776910195
6918,20191212,广东省,440000,韶关市,440200,13.9996856298
6919,20191213,广东省,440000,韶关市,440200,15.3501244814
6920,20191214,广东省,440000,韶关市,440200,16.1921399434
6921,20191215,广东省,440000,韶关市,440200,19.2380626874
6922,20191216,广东省,440000,韶关市,440200,20.8687917758
6923,20191217,广东省,440000,韶关市,440200,20.0565451842
6924,20191218,广东省,440000,韶关市,440200,15.9173251666
6925,20191219,广东省,440000,韶关市,440200,9.95464401979
6926,20191220,广东省,440000,韶关市,440200,10.4852596063
6927,20191221,广东省,440000,韶关市,440200,13.0277230434
6928,20191222,广东省,440000,韶关市,440200,12.2555380357
6929,20191223,广东省,440000,韶关市,440200,14.5313984553
6930,20191224,广东省,440000,韶关市,440200,13.088407761
6931,20191225,广东省,440000,韶关市,440200,15.2497485234
6932,20191226,广东省,440000,韶关市,440200,11.7890883837
6933,20191227,广东省,440000,韶关市,440200,10.798428401
6934,20191228,广东省,440000,韶关市,440200,12.2665043611
6935,20191229,广东省,440000,韶关市,440200,16.0394830459
6936,20191230,广东省,440000,韶关市,440200,17.9406753198
6937,20191231,广东省,440000,韶关市,440200,13.2859838437
6938,20200101,广东省,440000,韶关市,440200,14.1971308146
6939,20200102,广东省,440000,韶关市,440200,15.8430174803
6940,20200103,广东省,440000,韶关市,440200,17.0616419621
6941,20200104,广东省,440000,韶关市,440200,17.3814766468
6942,20200105,广东省,440000,韶关市,440200,18.7515588418
6943,20200106,广东省,440000,韶关市,440200,20.9220200074
6944,20200107,广东省,440000,韶关市,440200,19.2760556783
6945,20200108,广东省,440000,韶关市,440200,14.5638572497
6946,20200109,广东省,440000,韶关市,440200,16.702641047
6947,20200110,广东省,440000,韶关市,440200,16.5148685162
6948,20200111,广东省,440000,韶关市,440200,9.50928630584
6949,20200112,广东省,440000,韶关市,440200,8.47191863182
6950,20200113,广东省,440000,韶关市,440200,12.0515635931
6951,20200114,广东省,440000,韶关市,440200,11.1260328171
6952,20200115,广东省,440000,韶关市,440200,14.5244625654
6953,20200116,广东省,440000,韶关市,440200,9.73336255856
6954,20200117,广东省,440000,韶关市,440200,8.03049417031
6955,20200118,广东省,440000,韶关市,440200,8.52293839821
6956,20200119,广东省,440000,韶关市,440200,9.23802978565
6957,20200120,广东省,440000,韶关市,440200,12.6389844846
6958,20200121,广东省,440000,韶关市,440200,15.3532428252
6959,20200122,广东省,440000,韶关市,440200,18.4695585202
6960,20200123,广东省,440000,韶关市,440200,19.0929810695
6961,20200124,广东省,440000,韶关市,440200,15.153712615
6962,20200125,广东省,440000,韶关市,440200,9.92944186773
6963,20200126,广东省,440000,韶关市,440200,7.47086638059
6964,20200127,广东省,440000,韶关市,440200,6.51449727401
6965,20200128,广东省,440000,韶关市,440200,7.62321669016
6966,20200129,广东省,440000,韶关市,440200,8.52187419549
6967,20200130,广东省,440000,韶关市,440200,8.79169459221
6968,20200131,广东省,440000,韶关市,440200,10.5223949628
6969,20200201,广东省,440000,韶关市,440200,12.8010426546
6970,20200202,广东省,440000,韶关市,440200,12.9911213655
6971,20200203,广东省,440000,韶关市,440200,10.7341336226
6972,20200204,广东省,440000,韶关市,440200,11.2484300809
6973,20200205,广东省,440000,韶关市,440200,13.598400605
6974,20200206,广东省,440000,韶关市,440200,13.2181229958
6975,20200207,广东省,440000,韶关市,440200,11.7029242027
6976,20200208,广东省,440000,韶关市,440200,10.5729208482
6977,20200209,广东省,440000,韶关市,440200,10.4025848951
6978,20200210,广东省,440000,韶关市,440200,13.3493652833
6979,20200211,广东省,440000,韶关市,440200,14.8553139124
6980,20200212,广东省,440000,韶关市,440200,18.2647257096
6981,20200213,广东省,440000,韶关市,440200,18.7197173681
6982,20200214,广东省,440000,韶关市,440200,18.012857486
6983,20200215,广东省,440000,韶关市,440200,12.1349464319
6984,20200216,广东省,440000,韶关市,440200,6.08087951709
6985,20200217,广东省,440000,韶关市,440200,8.98208718422
6986,20200218,广东省,440000,韶关市,440200,10.4656935716
6987,20200219,广东省,440000,韶关市,440200,13.5532156626
6988,20200220,广东省,440000,韶关市,440200,16.0635816868
6989,20200221,广东省,440000,韶关市,440200,17.2503979023
6990,20200222,广东省,440000,韶关市,440200,17.6641210654
6991,20200223,广东省,440000,韶关市,440200,18.1761536231
6992,20200224,广东省,440000,韶关市,440200,21.0410886911
6993,20200225,广东省,440000,韶关市,440200,20.799422582
6994,20200226,广东省,440000,韶关市,440200,21.8089066041
6995,20200227,广东省,440000,韶关市,440200,21.486848391
6996,20200228,广东省,440000,韶关市,440200,20.1871389242
6997,20200229,广东省,440000,韶关市,440200,21.1644908709
6998,20200301,广东省,440000,韶关市,440200,18.6563031123
6999,20200302,广东省,440000,韶关市,440200,17.6996427438
7000,20200303,广东省,440000,韶关市,440200,14.7404979315
7001,20200304,广东省,440000,韶关市,440200,11.5374682989
7002,20200305,广东省,440000,韶关市,440200,14.6920792017
7003,20200306,广东省,440000,韶关市,440200,17.2151100941
7004,20200307,广东省,440000,韶关市,440200,19.0332646003
7005,20200308,广东省,440000,韶关市,440200,22.2448790135
7006,20200309,广东省,440000,韶关市,440200,19.2518007083
7007,20200310,广东省,440000,韶关市,440200,15.2549172181
7008,20200311,广东省,440000,韶关市,440200,14.8433163961
7009,20200312,广东省,440000,韶关市,440200,15.2812201671
7010,20200313,广东省,440000,韶关市,440200,16.2461960621
7011,20200314,广东省,440000,韶关市,440200,15.4124169227
7012,20200315,广东省,440000,韶关市,440200,17.300134561
7013,20200316,广东省,440000,韶关市,440200,18.0376086602
7014,20200317,广东省,440000,韶关市,440200,16.0401803775
7015,20200318,广东省,440000,韶关市,440200,16.9956910549
7016,20200319,广东省,440000,韶关市,440200,17.6027296996
7017,20200320,广东省,440000,韶关市,440200,20.3948553525
7018,20200321,广东省,440000,韶关市,440200,22.4886965629
7019,20200322,广东省,440000,韶关市,440200,23.7370287577
7020,20200323,广东省,440000,韶关市,440200,21.9134671627
7021,20200324,广东省,440000,韶关市,440200,20.6168162517
7022,20200325,广东省,440000,韶关市,440200,21.7767487061
7023,20200326,广东省,440000,韶关市,440200,20.9375797174
7024,20200327,广东省,440000,韶关市,440200,18.4715632659
7025,20200328,广东省,440000,韶关市,440200,13.9253018453
7026,20200329,广东省,440000,韶关市,440200,11.7034823589
7027,20200330,广东省,440000,韶关市,440200,10.6938902048
7028,20200331,广东省,440000,韶关市,440200,11.6150126824
7029,20200401,广东省,440000,韶关市,440200,13.0397208776
7030,20200402,广东省,440000,韶关市,440200,13.5556380443
7031,20200403,广东省,440000,韶关市,440200,14.0348861645
7032,20200404,广东省,440000,韶关市,440200,14.0254741815
7033,20200405,广东省,440000,韶关市,440200,13.4900602683
7034,20200406,广东省,440000,韶关市,440200,13.7413345728
7035,20200407,广东省,440000,韶关市,440200,16.9197121156
7036,20200408,广东省,440000,韶关市,440200,18.6185090481
7037,20200409,广东省,440000,韶关市,440200,20.7843315418
7038,20200410,广东省,440000,韶关市,440200,21.972033085
7039,20200411,广东省,440000,韶关市,440200,15.948192572
7040,20200412,广东省,440000,韶关市,440200,14.7050720606
7041,20200413,广东省,440000,韶关市,440200,16.8125156256
7042,20200414,广东省,440000,韶关市,440200,14.8899386479
7043,20200415,广东省,440000,韶关市,440200,19.8077504085
7044,20200416,广东省,440000,韶关市,440200,23.2302906819
7045,20200417,广东省,440000,韶关市,440200,22.9224905356
7046,20200418,广东省,440000,韶关市,440200,23.1022686592
7047,20200419,广东省,440000,韶关市,440200,23.7343117152
7048,20200420,广东省,440000,韶关市,440200,24.0722323198
7049,20200421,广东省,440000,韶关市,440200,20.2514629609
7050,20200422,广东省,440000,韶关市,440200,15.6584923328
7051,20200423,广东省,440000,韶关市,440200,15.2833304038
7052,20200424,广东省,440000,韶关市,440200,15.4025361232
7053,20200425,广东省,440000,韶关市,440200,19.1814118899
7054,20200426,广东省,440000,韶关市,440200,20.3646338047
7055,20200427,广东省,440000,韶关市,440200,22.628538523
7056,20200428,广东省,440000,韶关市,440200,23.4188164931
7057,20200429,广东省,440000,韶关市,440200,24.3970879286
7058,20200430,广东省,440000,韶关市,440200,24.8999492939
7059,20200501,广东省,440000,韶关市,440200,25.0173843579
7060,20200502,广东省,440000,韶关市,440200,26.1436307858
7061,20200503,广东省,440000,韶关市,440200,27.8528521122
7062,20200504,广东省,440000,韶关市,440200,29.2446198586
7063,20200505,广东省,440000,韶关市,440200,28.8953195719
7064,20200506,广东省,440000,韶关市,440200,28.9614897997
7065,20200507,广东省,440000,韶关市,440200,28.9255962861
7066,20200508,广东省,440000,韶关市,440200,28.7583945348
7067,20200509,广东省,440000,韶关市,440200,29.2316441169
7068,20200510,广东省,440000,韶关市,440200,24.3215250358
7069,20200511,广东省,440000,韶关市,440200,24.8846840981
7070,20200512,广东省,440000,韶关市,440200,24.5047829946
7071,20200513,广东省,440000,韶关市,440200,26.2275603368
7072,20200514,广东省,440000,韶关市,440200,25.9555389209
7073,20200515,广东省,440000,韶关市,440200,26.8250731933
7074,20200516,广东省,440000,韶关市,440200,25.2486927326
7075,20200517,广东省,440000,韶关市,440200,25.9463158143
7076,20200518,广东省,440000,韶关市,440200,25.6725736765
7077,20200519,广东省,440000,韶关市,440200,26.0717523037
7078,20200520,广东省,440000,韶关市,440200,26.3592662322
7079,20200521,广东省,440000,韶关市,440200,24.6969836797
7080,20200522,广东省,440000,韶关市,440200,24.0850615379
7081,20200523,广东省,440000,韶关市,440200,25.333089046
7082,20200524,广东省,440000,韶关市,440200,27.6304642604
7083,20200525,广东省,440000,韶关市,440200,25.6413161449
7084,20200526,广东省,440000,韶关市,440200,25.0899678255
7085,20200527,广东省,440000,韶关市,440200,23.6591873169
7086,20200528,广东省,440000,韶关市,440200,25.6981592423
7087,20200529,广东省,440000,韶关市,440200,25.3633159246
7088,20200530,广东省,440000,韶关市,440200,25.5248674246
7089,20200531,广东省,440000,韶关市,440200,25.9379205948
7090,20200601,广东省,440000,韶关市,440200,25.9118156433
7091,20200602,广东省,440000,韶关市,440200,25.9010756566
7092,20200603,广东省,440000,韶关市,440200,26.1683581915
7093,20200604,广东省,440000,韶关市,440200,27.710077677
7094,20200605,广东省,440000,韶关市,440200,26.2355869
7095,20200606,广东省,440000,韶关市,440200,25.4083061707
7096,20200607,广东省,440000,韶关市,440200,25.335522725
7097,20200608,广东省,440000,韶关市,440200,25.3282811091
7098,20200609,广东省,440000,韶关市,440200,24.5994957655
7099,20200610,广东省,440000,韶关市,440200,26.8760598501
7100,20200611,广东省,440000,韶关市,440200,28.6069321266
7101,20200612,广东省,440000,韶关市,440200,29.2381935609
7102,20200613,广东省,440000,韶关市,440200,28.9006177462
7103,20200614,广东省,440000,韶关市,440200,27.770870062
7104,20200615,广东省,440000,韶关市,440200,27.3140319433
7105,20200616,广东省,440000,韶关市,440200,28.3471186222
7106,20200617,广东省,440000,韶关市,440200,28.1943371113
7107,20200618,广东省,440000,韶关市,440200,28.8073033553
7108,20200619,广东省,440000,韶关市,440200,28.8205818274
7109,20200620,广东省,440000,韶关市,440200,29.5187948178
7110,20200621,广东省,440000,韶关市,440200,29.7356677911
7111,20200622,广东省,440000,韶关市,440200,30.2563079932
7112,20200623,广东省,440000,韶关市,440200,30.5714471768
7113,20200624,广东省,440000,韶关市,440200,30.3009255727
7114,20200625,广东省,440000,韶关市,440200,26.4005847344
7115,20200626,广东省,440000,韶关市,440200,27.8344581311
7116,20200627,广东省,440000,韶关市,440200,29.7870328365
7117,20200628,广东省,440000,韶关市,440200,29.7158044668
7118,20200629,广东省,440000,韶关市,440200,29.8499184144
7119,20200630,广东省,440000,韶关市,440200,30.1066405467
7120,20200701,广东省,440000,韶关市,440200,29.4589716593
7121,20200702,广东省,440000,韶关市,440200,27.7969651344
7122,20200703,广东省,440000,韶关市,440200,27.6743972974
7123,20200704,广东省,440000,韶关市,440200,28.1294711186
7124,20200705,广东省,440000,韶关市,440200,29.3908000848
7125,20200706,广东省,440000,韶关市,440200,29.7415015881
7126,20200707,广东省,440000,韶关市,440200,30.2813600393
7127,20200708,广东省,440000,韶关市,440200,29.7988990882
7128,20200709,广东省,440000,韶关市,440200,29.3344684014
7129,20200710,广东省,440000,韶关市,440200,29.0738403125
7130,20200711,广东省,440000,韶关市,440200,30.1143826705
7131,20200712,广东省,440000,韶关市,440200,30.2732689197
7132,20200713,广东省,440000,韶关市,440200,30.2070748256
7133,20200714,广东省,440000,韶关市,440200,31.2854410807
7134,20200715,广东省,440000,韶关市,440200,30.9574970343
7135,20200716,广东省,440000,韶关市,440200,30.6938254528
7136,20200717,广东省,440000,韶关市,440200,30.8867997879
7137,20200718,广东省,440000,韶关市,440200,30.7221026298
7138,20200719,广东省,440000,韶关市,440200,30.1386515789
7139,20200720,广东省,440000,韶关市,440200,29.8477189969
7140,20200721,广东省,440000,韶关市,440200,30.5376730699
7141,20200722,广东省,440000,韶关市,440200,30.4535830082
7142,20200723,广东省,440000,韶关市,440200,30.9996310992
7143,20200724,广东省,440000,韶关市,440200,31.8499876658
7144,20200725,广东省,440000,韶关市,440200,32.0654795231
7145,20200726,广东省,440000,韶关市,440200,31.3773132226
7146,20200727,广东省,440000,韶关市,440200,30.4195982615
7147,20200728,广东省,440000,韶关市,440200,30.5724925017
7148,20200729,广东省,440000,韶关市,440200,28.9257146884
7149,20200730,广东省,440000,韶关市,440200,28.4848851913
7150,20200731,广东省,440000,韶关市,440200,27.829050113
7151,20200801,广东省,440000,韶关市,440200,27.1881767664
7152,20200802,广东省,440000,韶关市,440200,27.522666491
7153,20200803,广东省,440000,韶关市,440200,27.9763356233
7154,20200804,广东省,440000,韶关市,440200,27.7429578243
7155,20200805,广东省,440000,韶关市,440200,26.7497918545
7156,20200806,广东省,440000,韶关市,440200,28.8160632207
7157,20200807,广东省,440000,韶关市,440200,29.4381293272
7158,20200808,广东省,440000,韶关市,440200,30.0752416268
7159,20200809,广东省,440000,韶关市,440200,30.4102406135
7160,20200810,广东省,440000,韶关市,440200,29.9708001552
7161,20200811,广东省,440000,韶关市,440200,28.8143766843
7162,20200812,广东省,440000,韶关市,440200,27.1821023012
7163,20200813,广东省,440000,韶关市,440200,26.7931575286
7164,20200814,广东省,440000,韶关市,440200,27.9979080787
7165,20200815,广东省,440000,韶关市,440200,28.1465121049
7166,20200816,广东省,440000,韶关市,440200,28.400519102
7167,20200817,广东省,440000,韶关市,440200,28.6937293517
7168,20200818,广东省,440000,韶关市,440200,26.9400641123
7169,20200819,广东省,440000,韶关市,440200,26.1296943762
7170,20200820,广东省,440000,韶关市,440200,28.5331490345
7171,20200821,广东省,440000,韶关市,440200,27.7180847266
7172,20200822,广东省,440000,韶关市,440200,27.9474131755
7173,20200823,广东省,440000,韶关市,440200,28.8496719263
7174,20200824,广东省,440000,韶关市,440200,29.095820647
7175,20200825,广东省,440000,韶关市,440200,29.9856344859
7176,20200826,广东省,440000,韶关市,440200,26.5676282247
7177,20200827,广东省,440000,韶关市,440200,26.8738761315
7178,20200828,广东省,440000,韶关市,440200,28.6512549474
7179,20200829,广东省,440000,韶关市,440200,28.8415491153
7180,20200830,广东省,440000,韶关市,440200,29.058122048
7181,20200831,广东省,440000,韶关市,440200,27.5108118791
7182,20200901,广东省,440000,韶关市,440200,28.7543193132
7183,20200902,广东省,440000,韶关市,440200,28.8958211067
7184,20200903,广东省,440000,韶关市,440200,29.3832944234
7185,20200904,广东省,440000,韶关市,440200,26.4275413904
7186,20200905,广东省,440000,韶关市,440200,26.4282587981
7187,20200906,广东省,440000,韶关市,440200,27.6105263539
7188,20200907,广东省,440000,韶关市,440200,26.2843756064
7189,20200908,广东省,440000,韶关市,440200,25.8289694175
7190,20200909,广东省,440000,韶关市,440200,27.0700255174
7191,20200910,广东省,440000,韶关市,440200,28.132935793
7192,20200911,广东省,440000,韶关市,440200,26.4219457675
7193,20200912,广东省,440000,韶关市,440200,25.6398002429
7194,20200913,广东省,440000,韶关市,440200,25.7946395874
7195,20200914,广东省,440000,韶关市,440200,25.938872264
7196,20200915,广东省,440000,韶关市,440200,26.4864010444
7197,20200916,广东省,440000,韶关市,440200,27.0825515649
7198,20200917,广东省,440000,韶关市,440200,26.7608381418
7199,20200918,广东省,440000,韶关市,440200,22.3367065528
7200,20200919,广东省,440000,韶关市,440200,23.7876425034
7201,20200920,广东省,440000,韶关市,440200,25.8527394319
7202,20200921,广东省,440000,韶关市,440200,26.9438954378
7203,20200922,广东省,440000,韶关市,440200,26.302203643
7204,20200923,广东省,440000,韶关市,440200,22.6386889433
7205,20200924,广东省,440000,韶关市,440200,21.8055887467
7206,20200925,广东省,440000,韶关市,440200,23.1688832014
7207,20200926,广东省,440000,韶关市,440200,20.8875702589
7208,20200927,广东省,440000,韶关市,440200,20.5271299313
7209,20200928,广东省,440000,韶关市,440200,22.8124270317
7210,20200929,广东省,440000,韶关市,440200,24.4591559386
7211,20200930,广东省,440000,韶关市,440200,23.3333858099
7212,20201001,广东省,440000,韶关市,440200,24.5689560817
7213,20201002,广东省,440000,韶关市,440200,25.80882674
7214,20201003,广东省,440000,韶关市,440200,27.073766904
7215,20201004,广东省,440000,韶关市,440200,25.4241281656
7216,20201005,广东省,440000,韶关市,440200,20.7929244408
7217,20201006,广东省,440000,韶关市,440200,19.0882612375
7218,20201007,广东省,440000,韶关市,440200,18.7537030685
7219,20201008,广东省,440000,韶关市,440200,19.446383085
7220,20201009,广东省,440000,韶关市,440200,20.0444065485
7221,20201010,广东省,440000,韶关市,440200,21.8547264001
7222,20201011,广东省,440000,韶关市,440200,23.1700255076
7223,20201012,广东省,440000,韶关市,440200,24.1846300272
7224,20201013,广东省,440000,韶关市,440200,23.2396991925
7225,20201014,广东省,440000,韶关市,440200,22.9904963175
7226,20201015,广东省,440000,韶关市,440200,22.4092178345
7227,20201016,广东省,440000,韶关市,440200,21.094890301
7228,20201017,广东省,440000,韶关市,440200,18.8486637947
7229,20201018,广东省,440000,韶关市,440200,18.8457232255
7230,20201019,广东省,440000,韶关市,440200,18.6830819203
7231,20201020,广东省,440000,韶关市,440200,19.4479390902
7232,20201021,广东省,440000,韶关市,440200,19.477974965
7233,20201022,广东省,440000,韶关市,440200,20.0999506437
7234,20201023,广东省,440000,韶关市,440200,19.96714636
7235,20201024,广东省,440000,韶关市,440200,20.013286884
7236,20201025,广东省,440000,韶关市,440200,21.4890909929
7237,20201026,广东省,440000,韶关市,440200,22.9095489795
7238,20201027,广东省,440000,韶关市,440200,23.2552281404
7239,20201028,广东省,440000,韶关市,440200,23.273744143
7240,20201029,广东省,440000,韶关市,440200,19.155394872
7241,20201030,广东省,440000,韶关市,440200,20.4170862345
7242,20201031,广东省,440000,韶关市,440200,20.8301396492
7243,20201101,广东省,440000,韶关市,440200,22.3620491028
7244,20201102,广东省,440000,韶关市,440200,19.4504924676
7245,20201103,广东省,440000,韶关市,440200,19.7511277321
7246,20201104,广东省,440000,韶关市,440200,19.3472016163
7247,20201105,广东省,440000,韶关市,440200,21.0093663044
7248,20201106,广东省,440000,韶关市,440200,22.1416045458
7249,20201107,广东省,440000,韶关市,440200,22.318236082
7250,20201108,广东省,440000,韶关市,440200,20.8237310067
7251,20201109,广东省,440000,韶关市,440200,18.1546732585
7252,20201110,广东省,440000,韶关市,440200,17.3305484821
7253,20201111,广东省,440000,韶关市,440200,17.6149382958
7254,20201112,广东省,440000,韶关市,440200,18.1928498195
7255,20201113,广东省,440000,韶关市,440200,19.511040712
7256,20201114,广东省,440000,韶关市,440200,18.5496052473
7257,20201115,广东省,440000,韶关市,440200,20.2169155708
7258,20201116,广东省,440000,韶关市,440200,22.4789671776
7259,20201117,广东省,440000,韶关市,440200,23.5000023475
7260,20201118,广东省,440000,韶关市,440200,24.9339419145
7261,20201119,广东省,440000,韶关市,440200,23.9453024742
7262,20201120,广东省,440000,韶关市,440200,23.0028309455
7263,20201121,广东省,440000,韶关市,440200,23.4943146828
7264,20201122,广东省,440000,韶关市,440200,17.8908471817
7265,20201123,广东省,440000,韶关市,440200,15.0121530875
7266,20201124,广东省,440000,韶关市,440200,15.0694784262
7267,20201125,广东省,440000,韶关市,440200,17.2087172239
7268,20201126,广东省,440000,韶关市,440200,15.5169530526
7269,20201127,广东省,440000,韶关市,440200,13.4367581881
7270,20201128,广东省,440000,韶关市,440200,12.6725482941
7271,20201129,广东省,440000,韶关市,440200,12.1174344283
7272,20201130,广东省,440000,韶关市,440200,12.0872153013
7273,20201201,广东省,440000,韶关市,440200,12.6648784784
7274,20201202,广东省,440000,韶关市,440200,12.9330057853
7275,20201203,广东省,440000,韶关市,440200,10.88638928
7276,20201204,广东省,440000,韶关市,440200,9.48535580513
7277,20201205,广东省,440000,韶关市,440200,9.51756961529
7278,20201206,广东省,440000,韶关市,440200,11.7203906133
7279,20201207,广东省,440000,韶关市,440200,12.4372203778
7280,20201208,广东省,440000,韶关市,440200,11.9141571338
7281,20201209,广东省,440000,韶关市,440200,14.5677311971
7282,20201210,广东省,440000,韶关市,440200,16.0939784172
7283,20201211,广东省,440000,韶关市,440200,15.8185914847
7284,20201212,广东省,440000,韶关市,440200,15.2430087359
7285,20201213,广东省,440000,韶关市,440200,13.6827741036
7286,20201214,广东省,440000,韶关市,440200,6.29208066219
7287,20201215,广东省,440000,韶关市,440200,5.22047689022
7288,20201216,广东省,440000,韶关市,440200,5.18918064924
7289,20201217,广东省,440000,韶关市,440200,6.31926427743
7290,20201218,广东省,440000,韶关市,440200,7.25933735799
7291,20201219,广东省,440000,韶关市,440200,7.83195910087
7292,20201220,广东省,440000,韶关市,440200,8.89272242326
7293,20201221,广东省,440000,韶关市,440200,8.98584835346
7294,20201222,广东省,440000,韶关市,440200,12.7570108512
7295,20201223,广东省,440000,韶关市,440200,14.0374599359
7296,20201224,广东省,440000,韶关市,440200,12.9990430979
7297,20201225,广东省,440000,韶关市,440200,13.3380952737
7298,20201226,广东省,440000,韶关市,440200,15.1076838909
7299,20201227,广东省,440000,韶关市,440200,16.7697572953
7300,20201228,广东省,440000,韶关市,440200,17.8521354871
7301,20201229,广东省,440000,韶关市,440200,14.2262154359
7302,20201230,广东省,440000,韶关市,440200,5.6242180971
7303,20201231,广东省,440000,韶关市,440200,4.45885262123
7304,20210101,广东省,440000,韶关市,440200,5.77083054567
7305,20210102,广东省,440000,韶关市,440200,7.95452319659
7306,20210103,广东省,440000,韶关市,440200,10.5658455995
7307,20210104,广东省,440000,韶关市,440200,11.8379111412
7308,20210105,广东省,440000,韶关市,440200,11.7328594037
7309,20210106,广东省,440000,韶关市,440200,10.1484527832
7310,20210107,广东省,440000,韶关市,440200,4.39752036333
7311,20210108,广东省,440000,韶关市,440200,3.22078191814
7312,20210109,广东省,440000,韶关市,440200,6.68547585072
7313,20210110,广东省,440000,韶关市,440200,6.3775171989
7314,20210111,广东省,440000,韶关市,440200,4.48327870247
7315,20210112,广东省,440000,韶关市,440200,5.86780661803
7316,20210113,广东省,440000,韶关市,440200,9.63264648731
7317,20210114,广东省,440000,韶关市,440200,11.7834855349
7318,20210115,广东省,440000,韶关市,440200,13.4226351518
7319,20210116,广东省,440000,韶关市,440200,14.2576976189
7320,20210117,广东省,440000,韶关市,440200,8.98799808209
7321,20210118,广东省,440000,韶关市,440200,8.26404067798
7322,20210119,广东省,440000,韶关市,440200,10.9738379747
7323,20210120,广东省,440000,韶关市,440200,16.3850016961
7324,20210121,广东省,440000,韶关市,440200,16.7025261903
7325,20210122,广东省,440000,韶关市,440200,16.0911164651
7326,20210123,广东省,440000,韶关市,440200,15.0775811856
7327,20210124,广东省,440000,韶关市,440200,16.5499250461
7328,20210125,广东省,440000,韶关市,440200,17.2428806501
7329,20210126,广东省,440000,韶关市,440200,13.629856452
7330,20210127,广东省,440000,韶关市,440200,15.1233382103
7331,20210128,广东省,440000,韶关市,440200,11.310428815
7332,20210129,广东省,440000,韶关市,440200,11.8401454534
7333,20210130,广东省,440000,韶关市,440200,13.2878925617
7334,20210131,广东省,440000,韶关市,440200,16.0035408216
7335,20210201,广东省,440000,韶关市,440200,16.8311115901
7336,20210202,广东省,440000,韶关市,440200,16.8617262963
7337,20210203,广东省,440000,韶关市,440200,16.7057890281
7338,20210204,广东省,440000,韶关市,440200,17.6903733474
7339,20210205,广东省,440000,韶关市,440200,17.8964072741
7340,20210206,广东省,440000,韶关市,440200,18.1707424262
7341,20210207,广东省,440000,韶关市,440200,19.4045588175
7342,20210208,广东省,440000,韶关市,440200,17.4322509521
7343,20210209,广东省,440000,韶关市,440200,12.3198636617
7344,20210210,广东省,440000,韶关市,440200,11.7969356439
7345,20210213,广东省,440000,韶关市,440200,13.3475190187
7346,20210214,广东省,440000,韶关市,440200,16.8814905607
7347,20210215,广东省,440000,韶关市,440200,18.1891583663
7348,20210216,广东省,440000,韶关市,440200,16.6703968782
7349,20210217,广东省,440000,韶关市,440200,14.9615864387
7350,20210218,广东省,440000,韶关市,440200,14.0151752081
7351,20210219,广东省,440000,韶关市,440200,17.3719612024
7352,20210220,广东省,440000,韶关市,440200,11.6155502857
7353,20210221,广东省,440000,韶关市,440200,18.343863365
7354,20210222,广东省,440000,韶关市,440200,20.0915074471
7355,20210223,广东省,440000,韶关市,440200,21.5647868621
7356,20210224,广东省,440000,韶关市,440200,21.7021068671
7357,20210225,广东省,440000,韶关市,440200,17.8447312575
7358,20210226,广东省,440000,韶关市,440200,11.8921944056
7359,20210227,广东省,440000,韶关市,440200,12.3012350523
7360,20210228,广东省,440000,韶关市,440200,15.0133273051
7361,20210301,广东省,440000,韶关市,440200,15.6123589736
7362,20210302,广东省,440000,韶关市,440200,12.5768643893
7363,20210303,广东省,440000,韶关市,440200,12.3111116703
7364,20210304,广东省,440000,韶关市,440200,12.9966286879
7365,20210305,广东省,440000,韶关市,440200,16.0134139428
7366,20210306,广东省,440000,韶关市,440200,16.4060123639
7367,20210307,广东省,440000,韶关市,440200,14.7348825748
7368,20210308,广东省,440000,韶关市,440200,14.8914223695
7369,20210309,广东省,440000,韶关市,440200,14.7095058148
7370,20210310,广东省,440000,韶关市,440200,15.830137962
7371,20210311,广东省,440000,韶关市,440200,18.4804625389
7372,20210312,广东省,440000,韶关市,440200,18.2657594925
7373,20210313,广东省,440000,韶关市,440200,19.3010682326
7374,20210314,广东省,440000,韶关市,440200,21.0941098531
7375,20210315,广东省,440000,韶关市,440200,21.88494741
7376,20210316,广东省,440000,韶关市,440200,22.8249974373
7377,20210317,广东省,440000,韶关市,440200,23.7363946866
7378,20210318,广东省,440000,韶关市,440200,23.7350779802
7379,20210319,广东省,440000,韶关市,440200,23.3283150013
7380,20210320,广东省,440000,韶关市,440200,17.2111652081
7381,20210321,广东省,440000,韶关市,440200,11.8925427901
7382,20210322,广东省,440000,韶关市,440200,13.8094056692
7383,20210323,广东省,440000,韶关市,440200,12.9551712916
7384,20210324,广东省,440000,韶关市,440200,17.3461172642
7385,20210325,广东省,440000,韶关市,440200,20.2478462121
7386,20210326,广东省,440000,韶关市,440200,22.5094695458
7387,20210327,广东省,440000,韶关市,440200,23.5713243729
7388,20210328,广东省,440000,韶关市,440200,25.0850668687
7389,20210329,广东省,440000,韶关市,440200,25.8453524663
7390,20210330,广东省,440000,韶关市,440200,25.772702535
7391,20210331,广东省,440000,韶关市,440200,24.1664131849
7392,20210401,广东省,440000,韶关市,440200,25.0428978847
7393,20210402,广东省,440000,韶关市,440200,24.3153114808
7394,20210403,广东省,440000,韶关市,440200,21.8056357457
7395,20210404,广东省,440000,韶关市,440200,17.7142969278
7396,20210405,广东省,440000,韶关市,440200,17.6356928654
7397,20210406,广东省,440000,韶关市,440200,20.6922109066
7398,20210407,广东省,440000,韶关市,440200,20.3405963213
7399,20210408,广东省,440000,韶关市,440200,16.7284315549
7400,20210409,广东省,440000,韶关市,440200,16.9108220369
7401,20210410,广东省,440000,韶关市,440200,18.1315807196
7402,20210411,广东省,440000,韶关市,440200,21.6860739879
7403,20210412,广东省,440000,韶关市,440200,23.3437152765
7404,20210413,广东省,440000,韶关市,440200,24.355553896
7405,20210414,广东省,440000,韶关市,440200,21.6209190564
7406,20210415,广东省,440000,韶关市,440200,18.6346868857
7407,20210416,广东省,440000,韶关市,440200,18.9052276611
7408,20210417,广东省,440000,韶关市,440200,20.6062363845
7409,20210418,广东省,440000,韶关市,440200,18.4495801681
7410,20210419,广东省,440000,韶关市,440200,18.0309426234
7411,20210420,广东省,440000,韶关市,440200,20.3179964408
7412,20210421,广东省,440000,韶关市,440200,24.2760478778
7413,20210422,广东省,440000,韶关市,440200,25.4516268021
7414,20210423,广东省,440000,韶关市,440200,26.8623715914
7415,20210424,广东省,440000,韶关市,440200,26.2456692427
7416,20210425,广东省,440000,韶关市,440200,20.0042506976
7417,20210426,广东省,440000,韶关市,440200,19.2488702627
7418,20210427,广东省,440000,韶关市,440200,19.3350103818
7419,20210428,广东省,440000,韶关市,440200,18.0999325972
7420,20210429,广东省,440000,韶关市,440200,20.5028845469
7421,20210430,广东省,440000,韶关市,440200,23.2197745886
7422,20210501,广东省,440000,韶关市,440200,25.7315049783
7423,20210502,广东省,440000,韶关市,440200,25.601120044
7424,20210503,广东省,440000,韶关市,440200,21.9002310435
7425,20210504,广东省,440000,韶关市,440200,22.0129108429
7426,20210505,广东省,440000,韶关市,440200,23.8004042308
7427,20210506,广东省,440000,韶关市,440200,23.2176948939
7428,20210507,广东省,440000,韶关市,440200,26.4989893987
7429,20210508,广东省,440000,韶关市,440200,26.1410165444
7430,20210509,广东省,440000,韶关市,440200,26.8563201122
7431,20210510,广东省,440000,韶关市,440200,28.5756974343
7432,20210511,广东省,440000,韶关市,440200,27.8139826457
7433,20210512,广东省,440000,韶关市,440200,25.2171273354
7434,20210513,广东省,440000,韶关市,440200,26.8088576977
7435,20210514,广东省,440000,韶关市,440200,27.2823867309
7436,20210515,广东省,440000,韶关市,440200,29.3146199936
7437,20210516,广东省,440000,韶关市,440200,27.6757974869
7438,20210517,广东省,440000,韶关市,440200,23.1921219948
7439,20210518,广东省,440000,韶关市,440200,22.9312110314
7440,20210519,广东省,440000,韶关市,440200,25.7227137639
7441,20210520,广东省,440000,韶关市,440200,24.8777970534
7442,20210521,广东省,440000,韶关市,440200,27.1616180126
7443,20210522,广东省,440000,韶关市,440200,29.1793588981
7444,20210523,广东省,440000,韶关市,440200,28.8939538613
7445,20210524,广东省,440000,韶关市,440200,24.4004554749
7446,20210525,广东省,440000,韶关市,440200,25.9647363027
7447,20210526,广东省,440000,韶关市,440200,27.94646224
7448,20210527,广东省,440000,韶关市,440200,28.5900533138
7449,20210528,广东省,440000,韶关市,440200,29.1582108033
7450,20210529,广东省,440000,韶关市,440200,27.0053980901
7451,20210530,广东省,440000,韶关市,440200,25.8682253911
7452,20210531,广东省,440000,韶关市,440200,24.9240687933
7453,20210601,广东省,440000,韶关市,440200,25.8229770171
7454,20210602,广东省,440000,韶关市,440200,25.5362884815
7455,20210603,广东省,440000,韶关市,440200,27.2634504758
7456,20210604,广东省,440000,韶关市,440200,21.4401691632
7457,20210605,广东省,440000,韶关市,440200,24.2098773076
7458,20210606,广东省,440000,韶关市,440200,26.27259856
7459,20210607,广东省,440000,韶关市,440200,27.4657481267
7460,20210608,广东省,440000,韶关市,440200,28.4952932015
7461,20210609,广东省,440000,韶关市,440200,28.882316785
7462,20210610,广东省,440000,韶关市,440200,27.6831935002
7463,20210611,广东省,440000,韶关市,440200,27.1522779709
7464,20210612,广东省,440000,韶关市,440200,26.883515578
7465,20210613,广东省,440000,韶关市,440200,26.8588699928
7466,20210614,广东省,440000,韶关市,440200,28.1735658401
7467,20210615,广东省,440000,韶关市,440200,29.222791036
7468,20210616,广东省,440000,韶关市,440200,28.553851739
7469,20210617,广东省,440000,韶关市,440200,29.9345370562
7470,20210618,广东省,440000,韶关市,440200,30.7422387539
7471,20210619,广东省,440000,韶关市,440200,30.659642244
7472,20210620,广东省,440000,韶关市,440200,30.8017430917
7473,20210621,广东省,440000,韶关市,440200,26.9759801229
7474,20210622,广东省,440000,韶关市,440200,26.0773411286
7475,20210623,广东省,440000,韶关市,440200,26.9702171913
7476,20210624,广东省,440000,韶关市,440200,26.1317832164
7477,20210625,广东省,440000,韶关市,440200,27.7360299917
7478,20210626,广东省,440000,韶关市,440200,28.4811669374
7479,20210627,广东省,440000,韶关市,440200,29.285952348
7480,20210628,广东省,440000,韶关市,440200,27.696759982
7481,20210629,广东省,440000,韶关市,440200,26.7951186253
7482,20210630,广东省,440000,韶关市,440200,28.0392271189
7483,20210701,广东省,440000,韶关市,440200,29.0826555399
7484,20210702,广东省,440000,韶关市,440200,29.4402982761
7485,20210703,广东省,440000,韶关市,440200,29.6658524244
7486,20210704,广东省,440000,韶关市,440200,29.959327062
7487,20210705,广东省,440000,韶关市,440200,29.8944818546
7488,20210706,广东省,440000,韶关市,440200,29.7366316869
7489,20210707,广东省,440000,韶关市,440200,28.4163037814
7490,20210708,广东省,440000,韶关市,440200,29.3210794987
7491,20210709,广东省,440000,韶关市,440200,29.4469682742
7492,20210710,广东省,440000,韶关市,440200,30.1369884198
7493,20210711,广东省,440000,韶关市,440200,30.3578783182
7494,20210712,广东省,440000,韶关市,440200,30.2958004291
7495,20210713,广东省,440000,韶关市,440200,30.6579508659
7496,20210714,广东省,440000,韶关市,440200,30.827284006
7497,20210715,广东省,440000,韶关市,440200,30.5692352882
7498,20210716,广东省,440000,韶关市,440200,27.6875572694
7499,20210717,广东省,440000,韶关市,440200,28.2100596306
7500,20210718,广东省,440000,韶关市,440200,28.9665385515
7501,20210719,广东省,440000,韶关市,440200,27.5259952056
7502,20210720,广东省,440000,韶关市,440200,27.1704589648
7503,20210721,广东省,440000,韶关市,440200,27.2564599942
7504,20210722,广东省,440000,韶关市,440200,29.1046990615
7505,20210723,广东省,440000,韶关市,440200,30.3387753902
7506,20210724,广东省,440000,韶关市,440200,29.8971761557
7507,20210725,广东省,440000,韶关市,440200,29.9602248852
7508,20210726,广东省,440000,韶关市,440200,30.4605469826
7509,20210727,广东省,440000,韶关市,440200,30.6666929294
7510,20210728,广东省,440000,韶关市,440200,31.0034294617
7511,20210729,广东省,440000,韶关市,440200,29.0032157898
7512,20210730,广东省,440000,韶关市,440200,28.929974776
7513,20210731,广东省,440000,韶关市,440200,28.9807870816
7514,20210801,广东省,440000,韶关市,440200,29.9975097363
7515,20210802,广东省,440000,韶关市,440200,30.062579375
7516,20210803,广东省,440000,韶关市,440200,28.2048726204
7517,20210804,广东省,440000,韶关市,440200,27.7490182045
7518,20210805,广东省,440000,韶关市,440200,27.2269531641
7519,20210806,广东省,440000,韶关市,440200,27.2798766601
7520,20210807,广东省,440000,韶关市,440200,29.4650368813
7521,20210808,广东省,440000,韶关市,440200,29.2876392267
7522,20210809,广东省,440000,韶关市,440200,27.6706815377
7523,20210810,广东省,440000,韶关市,440200,26.8628568405
7524,20210811,广东省,440000,韶关市,440200,28.5184539893
7525,20210812,广东省,440000,韶关市,440200,29.3484338614
7526,20210813,广东省,440000,韶关市,440200,29.1289669917
7527,20210814,广东省,440000,韶关市,440200,27.3417786818
7528,20210815,广东省,440000,韶关市,440200,26.8557957869
7529,20210816,广东省,440000,韶关市,440200,27.5394028395
7530,20210817,广东省,440000,韶关市,440200,28.6976050842
7531,20210818,广东省,440000,韶关市,440200,25.5932585398
7532,20210819,广东省,440000,韶关市,440200,27.7803000915
7533,20210820,广东省,440000,韶关市,440200,28.9728085445
7534,20210821,广东省,440000,韶关市,440200,28.5672169221
7535,20210822,广东省,440000,韶关市,440200,29.6866565607
7536,20210823,广东省,440000,韶关市,440200,29.8806766608
7537,20210824,广东省,440000,韶关市,440200,29.0031835605
7538,20210825,广东省,440000,韶关市,440200,28.9743632781
7539,20210826,广东省,440000,韶关市,440200,29.5475166516
7540,20210827,广东省,440000,韶关市,440200,27.2216161581
7541,20210828,广东省,440000,韶关市,440200,27.6056077908
7542,20210829,广东省,440000,韶关市,440200,27.9177868672
7543,20210830,广东省,440000,韶关市,440200,28.9560939593
7544,20210831,广东省,440000,韶关市,440200,27.3274213351
7545,20210901,广东省,440000,韶关市,440200,27.416486251
7546,20210902,广东省,440000,韶关市,440200,28.5879655007
7547,20210903,广东省,440000,韶关市,440200,29.2050433526
7548,20210904,广东省,440000,韶关市,440200,29.2582898262
7549,20210905,广东省,440000,韶关市,440200,29.5221068553
7550,20210906,广东省,440000,韶关市,440200,28.4562855256
7551,20210907,广东省,440000,韶关市,440200,27.4931237636
7552,20210908,广东省,440000,韶关市,440200,27.5894947541
7553,20210909,广东省,440000,韶关市,440200,28.9329307263
7554,20210910,广东省,440000,韶关市,440200,29.4020508008
7555,20210911,广东省,440000,韶关市,440200,30.0782932379
7556,20210912,广东省,440000,韶关市,440200,29.9413485894
7557,20210913,广东省,440000,韶关市,440200,30.0324849838
7558,20210914,广东省,440000,韶关市,440200,28.8366107452
7559,20210915,广东省,440000,韶关市,440200,28.4907812461
7560,20210916,广东省,440000,韶关市,440200,27.9179936433
7561,20210917,广东省,440000,韶关市,440200,28.5162802476
7562,20210918,广东省,440000,韶关市,440200,29.5035433647
7563,20210919,广东省,440000,韶关市,440200,29.9739853297
7564,20210920,广东省,440000,韶关市,440200,27.8840751648
7565,20210921,广东省,440000,韶关市,440200,28.0484370207
7566,20210922,广东省,440000,韶关市,440200,26.7123531439
7567,20210923,广东省,440000,韶关市,440200,27.9536464398
7568,20210924,广东省,440000,韶关市,440200,28.8226402478
7569,20210925,广东省,440000,韶关市,440200,28.8971001552
7570,20210926,广东省,440000,韶关市,440200,28.6571092361
7571,20210927,广东省,440000,韶关市,440200,29.2303466797
7572,20210928,广东省,440000,韶关市,440200,29.7767583896
7573,20210929,广东省,440000,韶关市,440200,28.3293223748
7574,20210930,广东省,440000,韶关市,440200,27.7614789131
7575,20211001,广东省,440000,韶关市,440200,27.3977931096
7576,20211002,广东省,440000,韶关市,440200,29.1174021501
7577,20211003,广东省,440000,韶关市,440200,28.7056324788
7578,20211004,广东省,440000,韶关市,440200,28.5419597137
7579,20211005,广东省,440000,韶关市,440200,28.4398757739
7580,20211006,广东省,440000,韶关市,440200,27.5725921729
7581,20211007,广东省,440000,韶关市,440200,27.0598905514
7582,20211008,广东省,440000,韶关市,440200,23.5266696734
7583,20211009,广东省,440000,韶关市,440200,24.0014674358
7584,20211010,广东省,440000,韶关市,440200,26.128846682
7585,20211011,广东省,440000,韶关市,440200,20.7689724213
7586,20211012,广东省,440000,韶关市,440200,20.0295079305
7587,20211013,广东省,440000,韶关市,440200,20.5670970525
7588,20211014,广东省,440000,韶关市,440200,21.7648154039
7589,20211015,广东省,440000,韶关市,440200,20.7657338167
7590,20211016,广东省,440000,韶关市,440200,19.0569599347
7591,20211017,广东省,440000,韶关市,440200,16.8565418781
7592,20211018,广东省,440000,韶关市,440200,18.8499816503
7593,20211019,广东省,440000,韶关市,440200,22.071883275
7594,20211020,广东省,440000,韶关市,440200,21.4396922527
7595,20211021,广东省,440000,韶关市,440200,14.552906501
7596,20211022,广东省,440000,韶关市,440200,15.6893778092
7597,20211023,广东省,440000,韶关市,440200,15.363163997
7598,20211024,广东省,440000,韶关市,440200,17.2383076105
7599,20211025,广东省,440000,韶关市,440200,17.8445557325
7600,20211026,广东省,440000,韶关市,440200,21.0657061063
7601,20211027,广东省,440000,韶关市,440200,22.3141226157
7602,20211028,广东省,440000,韶关市,440200,21.6552246289
7603,20211029,广东省,440000,韶关市,440200,19.7248388437
7604,20211030,广东省,440000,韶关市,440200,18.1920670729
7605,20211031,广东省,440000,韶关市,440200,18.0174567394
7606,20211101,广东省,440000,韶关市,440200,18.8936023712
7607,20211102,广东省,440000,韶关市,440200,18.7855581137
7608,20211103,广东省,440000,韶关市,440200,19.3489944751
7609,20211104,广东省,440000,韶关市,440200,21.6836768908
7610,20211105,广东省,440000,韶关市,440200,24.1459569686
7611,20211106,广东省,440000,韶关市,440200,23.5041462336
7612,20211107,广东省,440000,韶关市,440200,17.3936287807
7613,20211108,广东省,440000,韶关市,440200,12.3798473309
7614,20211109,广东省,440000,韶关市,440200,14.1284080408
7615,20211110,广东省,440000,韶关市,440200,14.5082214307
7616,20211111,广东省,440000,韶关市,440200,16.2638057807
7617,20211112,广东省,440000,韶关市,440200,16.0223908058
7618,20211113,广东省,440000,韶关市,440200,16.0040433835
7619,20211114,广东省,440000,韶关市,440200,17.3099044898
7620,20211115,广东省,440000,韶关市,440200,16.7545535259
7621,20211116,广东省,440000,韶关市,440200,17.0191975129
7622,20211117,广东省,440000,韶关市,440200,16.2505024641
7623,20211118,广东省,440000,韶关市,440200,16.3609704238
7624,20211119,广东省,440000,韶关市,440200,18.2518066504
7625,20211120,广东省,440000,韶关市,440200,20.3296795869
7626,20211121,广东省,440000,韶关市,440200,17.3149074163
7627,20211122,广东省,440000,韶关市,440200,11.3186518596
7628,20211123,广东省,440000,韶关市,440200,11.5903840432
7629,20211124,广东省,440000,韶关市,440200,13.4742382979
7630,20211125,广东省,440000,韶关市,440200,14.1970727627
7631,20211126,广东省,440000,韶关市,440200,15.3750637739
7632,20211127,广东省,440000,韶关市,440200,15.3125987909
7633,20211128,广东省,440000,韶关市,440200,16.1574989221
7634,20211129,广东省,440000,韶关市,440200,17.9682095601
7635,20211130,广东省,440000,韶关市,440200,13.8444342735
7636,20211201,广东省,440000,韶关市,440200,10.9977832452
7637,20211202,广东省,440000,韶关市,440200,10.839325538
7638,20211203,广东省,440000,韶关市,440200,11.522552637
7639,20211204,广东省,440000,韶关市,440200,11.5188081203
7640,20211205,广东省,440000,韶关市,440200,12.0846488415
7641,20211206,广东省,440000,韶关市,440200,12.7459679139
7642,20211207,广东省,440000,韶关市,440200,14.7836175087
7643,20211208,广东省,440000,韶关市,440200,16.3924168073
7644,20211209,广东省,440000,韶关市,440200,15.5885080191
7645,20211210,广东省,440000,韶关市,440200,16.0318516218
7646,20211211,广东省,440000,韶关市,440200,17.1485994046
7647,20211212,广东省,440000,韶关市,440200,14.5032491195
7648,20211213,广东省,440000,韶关市,440200,12.6589009212
7649,20211214,广东省,440000,韶关市,440200,14.8029350623
7650,20211215,广东省,440000,韶关市,440200,15.9752886846
7651,20211216,广东省,440000,韶关市,440200,17.2063525273
7652,20211217,广东省,440000,韶关市,440200,12.1309835238
7653,20211218,广东省,440000,韶关市,440200,10.5460016789
7654,20211219,广东省,440000,韶关市,440200,12.4864059839
7655,20211220,广东省,440000,韶关市,440200,10.9572061881
7656,20211221,广东省,440000,韶关市,440200,12.7920641288
7657,20211222,广东省,440000,韶关市,440200,13.9636170314
7658,20211223,广东省,440000,韶关市,440200,13.679783332
7659,20211224,广东省,440000,韶关市,440200,15.3166652337
7660,20211225,广东省,440000,韶关市,440200,11.5120059771
7661,20211226,广东省,440000,韶关市,440200,5.37787653238
7662,20211227,广东省,440000,韶关市,440200,4.86851549836
7663,20211228,广东省,440000,韶关市,440200,6.49146536069
7664,20211229,广东省,440000,韶关市,440200,8.62279181603
7665,20211230,广东省,440000,韶关市,440200,11.327980066
7666,20211231,广东省,440000,韶关市,440200,13.0313363931
7667,20220101,广东省,440000,韶关市,440200,13.3845064212
7668,20220102,广东省,440000,韶关市,440200,13.6120230601
7669,20220103,广东省,440000,韶关市,440200,15.0873253651
7670,20220104,广东省,440000,韶关市,440200,16.782499998
7671,20220105,广东省,440000,韶关市,440200,16.6336167409
7672,20220106,广东省,440000,韶关市,440200,13.8416938415
7673,20220107,广东省,440000,韶关市,440200,11.6091964061
7674,20220108,广东省,440000,韶关市,440200,12.4969361134
7675,20220109,广东省,440000,韶关市,440200,10.5783532338
7676,20220110,广东省,440000,韶关市,440200,9.92796303676
7677,20220111,广东省,440000,韶关市,440200,9.17816859025
7678,20220112,广东省,440000,韶关市,440200,9.97810055659
7679,20220113,广东省,440000,韶关市,440200,10.858781839
7680,20220114,广东省,440000,韶关市,440200,10.8213661512
7681,20220115,广东省,440000,韶关市,440200,11.4649373079
7682,20220116,广东省,440000,韶关市,440200,11.9496601912
7683,20220117,广东省,440000,韶关市,440200,10.3876994573
7684,20220118,广东省,440000,韶关市,440200,11.4465493911
7685,20220119,广东省,440000,韶关市,440200,11.3244080421
7686,20220120,广东省,440000,韶关市,440200,13.2333573806
7687,20220121,广东省,440000,韶关市,440200,15.5621242279
7688,20220122,广东省,440000,韶关市,440200,15.3956911136
7689,20220123,广东省,440000,韶关市,440200,14.8040960385
7690,20220124,广东省,440000,韶关市,440200,10.6744537843
7691,20220125,广东省,440000,韶关市,440200,12.0656510378
7692,20220126,广东省,440000,韶关市,440200,14.524795899
7693,20220127,广东省,440000,韶关市,440200,14.7590863277
7694,20220128,广东省,440000,韶关市,440200,10.3949421247
7695,20220129,广东省,440000,韶关市,440200,6.62128608043
7696,20220130,广东省,440000,韶关市,440200,6.00547225659
7697,20220131,广东省,440000,韶关市,440200,5.60262797429
7698,20220201,广东省,440000,韶关市,440200,6.52792376738
7699,20220202,广东省,440000,韶关市,440200,6.27328711901
7700,20220203,广东省,440000,韶关市,440200,6.60778674713
7701,20220204,广东省,440000,韶关市,440200,7.38348288414
7702,20220205,广东省,440000,韶关市,440200,8.03446526405
7703,20220206,广东省,440000,韶关市,440200,8.73199045964
7704,20220207,广东省,440000,韶关市,440200,8.92120413902
7705,20220208,广东省,440000,韶关市,440200,5.6282225725
7706,20220209,广东省,440000,韶关市,440200,6.20602226257
7707,20220210,广东省,440000,韶关市,440200,7.82080738361
7708,20220211,广东省,440000,韶关市,440200,10.4853798548
7709,20220212,广东省,440000,韶关市,440200,10.4365390386
7710,20220213,广东省,440000,韶关市,440200,8.18062194188
7711,20220214,广东省,440000,韶关市,440200,10.1237826347
7712,20220215,广东省,440000,韶关市,440200,11.5105398374
7713,20220216,广东省,440000,韶关市,440200,12.2472372666
7714,20220217,广东省,440000,韶关市,440200,11.323558893
7715,20220218,广东省,440000,韶关市,440200,8.00082467764
7716,20220219,广东省,440000,韶关市,440200,4.67136797538
7717,20220220,广东省,440000,韶关市,440200,3.75634990289
7718,20220221,广东省,440000,韶关市,440200,4.13297287929
7719,20220222,广东省,440000,韶关市,440200,4.77455429847
7720,20220223,广东省,440000,韶关市,440200,5.84322268535
7721,20220224,广东省,440000,韶关市,440200,7.9995774856
7722,20220225,广东省,440000,韶关市,440200,10.8821844199
7723,20220226,广东省,440000,韶关市,440200,14.805306777
7724,20220227,广东省,440000,韶关市,440200,18.3269762382
7725,20220228,广东省,440000,韶关市,440200,19.7789039123
7726,20220301,广东省,440000,韶关市,440200,19.0651824169
7727,20220302,广东省,440000,韶关市,440200,18.4671298296
7728,20220303,广东省,440000,韶关市,440200,21.1087348155
7729,20220304,广东省,440000,韶关市,440200,20.9715167315
7730,20220305,广东省,440000,韶关市,440200,21.222929441
7731,20220306,广东省,440000,韶关市,440200,18.7802259739
7732,20220307,广东省,440000,韶关市,440200,15.0222821358
7733,20220308,广东省,440000,韶关市,440200,15.3646360544
7734,20220309,广东省,440000,韶关市,440200,17.0566218694
7735,20220310,广东省,440000,韶关市,440200,20.2851761549
7736,20220311,广东省,440000,韶关市,440200,21.0130769779
7737,20220312,广东省,440000,韶关市,440200,23.0006938347
7738,20220313,广东省,440000,韶关市,440200,22.7069510925
7739,20220314,广东省,440000,韶关市,440200,23.360471432
7740,20220315,广东省,440000,韶关市,440200,24.6473019429
7741,20220316,广东省,440000,韶关市,440200,23.2641925323
7742,20220317,广东省,440000,韶关市,440200,21.5222513737
7743,20220318,广东省,440000,韶关市,440200,19.7286623441
7744,20220319,广东省,440000,韶关市,440200,23.2422077472
7745,20220320,广东省,440000,韶关市,440200,22.2589148986
7746,20220321,广东省,440000,韶关市,440200,22.1935014725
7747,20220322,广东省,440000,韶关市,440200,13.2847293218
7748,20220323,广东省,440000,韶关市,440200,11.3186438145
7749,20220324,广东省,440000,韶关市,440200,13.738330352
7750,20220325,广东省,440000,韶关市,440200,19.6282123663
7751,20220326,广东省,440000,韶关市,440200,17.3515269695
7752,20220327,广东省,440000,韶关市,440200,13.9093574133
7753,20220328,广东省,440000,韶关市,440200,14.6198400351
7754,20220329,广东省,440000,韶关市,440200,16.6707544816
7755,20220330,广东省,440000,韶关市,440200,19.8131768153
7756,20220331,广东省,440000,韶关市,440200,20.0224271921
7757,20220401,广东省,440000,韶关市,440200,12.7395361631
7758,20220402,广东省,440000,韶关市,440200,13.0042036008
7759,20220403,广东省,440000,韶关市,440200,15.8246376331
7760,20220404,广东省,440000,韶关市,440200,17.6330387898
7761,20220405,广东省,440000,韶关市,440200,19.1168493124
7762,20220406,广东省,440000,韶关市,440200,20.3999755566
7763,20220407,广东省,440000,韶关市,440200,21.0037943033
7764,20220408,广东省,440000,韶关市,440200,21.329835745
7765,20220409,广东省,440000,韶关市,440200,22.2889610193
7766,20220410,广东省,440000,韶关市,440200,22.7276024941
7767,20220411,广东省,440000,韶关市,440200,24.0442591936
7768,20220412,广东省,440000,韶关市,440200,25.6153521905
7769,20220413,广东省,440000,韶关市,440200,20.8515861707
7770,20220414,广东省,440000,韶关市,440200,20.948650947
7771,20220415,广东省,440000,韶关市,440200,20.5164333001
7772,20220416,广东省,440000,韶关市,440200,14.5219444373
7773,20220417,广东省,440000,韶关市,440200,14.5363010015
7774,20220418,广东省,440000,韶关市,440200,14.0394925093
7775,20220419,广东省,440000,韶关市,440200,16.5498478229
7776,20220420,广东省,440000,韶关市,440200,20.3119262793
7777,20220421,广东省,440000,韶关市,440200,23.4454185779
7778,20220422,广东省,440000,韶关市,440200,22.6298725422
7779,20220423,广东省,440000,韶关市,440200,24.6816460047
7780,20220424,广东省,440000,韶关市,440200,25.7465570401
7781,20220425,广东省,440000,韶关市,440200,26.2845234504
7782,20220426,广东省,440000,韶关市,440200,25.5775929475
7783,20220427,广东省,440000,韶关市,440200,26.5654923366
7784,20220428,广东省,440000,韶关市,440200,26.615199896
7785,20220429,广东省,440000,韶关市,440200,21.0496773108
7786,20220430,广东省,440000,韶关市,440200,18.2009247511
7787,20220501,广东省,440000,韶关市,440200,14.5920171738
7788,20220502,广东省,440000,韶关市,440200,16.9410236065
7789,20220503,广东省,440000,韶关市,440200,20.0716122358
7790,20220504,广东省,440000,韶关市,440200,21.9031208234
7791,20220505,广东省,440000,韶关市,440200,23.5999745589
7792,20220506,广东省,440000,韶关市,440200,24.823895381
7793,20220507,广东省,440000,韶关市,440200,22.613460443
7794,20220508,广东省,440000,韶关市,440200,20.9627541762
7795,20220509,广东省,440000,韶关市,440200,22.9504526578
7796,20220510,广东省,440000,韶关市,440200,22.2328533759
7797,20220511,广东省,440000,韶关市,440200,21.7116747147
7798,20220512,广东省,440000,韶关市,440200,21.6547076886
7799,20220513,广东省,440000,韶关市,440200,21.2099565848
7800,20220514,广东省,440000,韶关市,440200,21.0027224223
7801,20220515,广东省,440000,韶关市,440200,17.7624054444
7802,20220516,广东省,440000,韶关市,440200,17.4829264421
7803,20220517,广东省,440000,韶关市,440200,20.3284795223
7804,20220518,广东省,440000,韶关市,440200,23.1442801158
7805,20220519,广东省,440000,韶关市,440200,25.2184539208
7806,20220520,广东省,440000,韶关市,440200,24.9147226383
7807,20220521,广东省,440000,韶关市,440200,21.6820029723
7808,20220522,广东省,440000,韶关市,440200,20.5172458062
7809,20220523,广东省,440000,韶关市,440200,21.4586734772
7810,20220524,广东省,440000,韶关市,440200,24.0569579785
7811,20220525,广东省,440000,韶关市,440200,25.6639677684
7812,20220526,广东省,440000,韶关市,440200,25.3049594194
7813,20220527,广东省,440000,韶关市,440200,23.7596332354
7814,20220528,广东省,440000,韶关市,440200,26.4259474339
7815,20220529,广东省,440000,韶关市,440200,28.2400902968
7816,20220530,广东省,440000,韶关市,440200,27.4127735725
7817,20220531,广东省,440000,韶关市,440200,26.8323601943
7818,20220601,广东省,440000,韶关市,440200,27.3094010964
7819,20220602,广东省,440000,韶关市,440200,27.429115491
7820,20220603,广东省,440000,韶关市,440200,26.5664990254
7821,20220604,广东省,440000,韶关市,440200,27.5952617939
7822,20220605,广东省,440000,韶关市,440200,27.1083003802
7823,20220606,广东省,440000,韶关市,440200,24.9715454884
7824,20220607,广东省,440000,韶关市,440200,24.7460977603
7825,20220608,广东省,440000,韶关市,440200,25.1022088956
7826,20220609,广东省,440000,韶关市,440200,25.4053424933
7827,20220610,广东省,440000,韶关市,440200,25.3614480434
7828,20220611,广东省,440000,韶关市,440200,24.8022688352
7829,20220612,广东省,440000,韶关市,440200,25.492215719
7830,20220613,广东省,440000,韶关市,440200,24.4779759431
7831,20220614,广东省,440000,韶关市,440200,23.8504029788
7832,20220615,广东省,440000,韶关市,440200,23.2017567463
7833,20220616,广东省,440000,韶关市,440200,23.4210202144
7834,20220617,广东省,440000,韶关市,440200,24.9654243665
7835,20220618,广东省,440000,韶关市,440200,25.2826374739
7836,20220619,广东省,440000,韶关市,440200,25.7935330318
7837,20220620,广东省,440000,韶关市,440200,25.4648943192
7838,20220621,广东省,440000,韶关市,440200,25.0704983931
7839,20220622,广东省,440000,韶关市,440200,28.1070050949
7840,20220623,广东省,440000,韶关市,440200,28.9145172315
7841,20220624,广东省,440000,韶关市,440200,29.0929641724
7842,20220625,广东省,440000,韶关市,440200,29.3940166082
7843,20220626,广东省,440000,韶关市,440200,29.551913726
7844,20220627,广东省,440000,韶关市,440200,29.2561870966
7845,20220628,广东省,440000,韶关市,440200,29.0490756402
7846,20220629,广东省,440000,韶关市,440200,29.3237766364
7847,20220630,广东省,440000,韶关市,440200,27.5963713817
